TagName,DataTime,DataVersion,DataQuality,DataValue
_二期_供水泵房_5#加压泵__温度_通道6_反馈,2025-02-28 02:00:00,0,192,20.1
_二期_供水泵房_5#加压泵__温度_通道6_反馈,2025-02-28 02:00:01,0,192,20.1
_二期_供水泵房_5#加压泵__温度_通道6_反馈,2025-02-28 02:00:02,0,192,20.1
_二期_供水泵房_5#加压泵__温度_通道6_反馈,2025-02-28 02:00:03,0,192,20.1
_二期_供水泵房_5#加压泵__温度_通道6_反馈,2025-02-28 02:00:04,0,192,20.1
_二期_供水泵房_5#加压泵__温度_通道6_反馈,2025-02-28 02:00:05,0,192,20.1
_二期_供水泵房_5#加压泵__温度_通道6_反馈,2025-02-28 02:00:06,0,192,20.1
_二期_供水泵房_5#加压泵__温度_通道6_反馈,2025-02-28 02:00:07,0,192,20.1
_二期_供水泵房_5#加压泵__温度_通道6_反馈,2025-02-28 02:00:08,0,192,20.1
_二期_供水泵房_5#加压泵__温度_通道6_反馈,2025-02-28 02:00:09,0,192,20.1
_二期_供水泵房_5#加压泵__温度_通道6_反馈,2025-02-28 02:00:10,0,192,20.1
_二期_供水泵房_5#加压泵__温度_通道6_反馈,2025-02-28 02:00:11,0,192,20.1
_二期_供水泵房_5#加压泵__温度_通道6_反馈,2025-02-28 02:00:12,0,192,20.1
_二期_供水泵房_5#加压泵__温度_通道6_反馈,2025-02-28 02:00:13,0,192,20.1
_二期_供水泵房_5#加压泵__温度_通道6_反馈,2025-02-28 02:00:14,0,192,20.1
_二期_供水泵房_5#加压泵__温度_通道6_反馈,2025-02-28 02:00:15,0,192,20.1
_二期_供水泵房_5#加压泵__温度_通道6_反馈,2025-02-28 02:00:16,0,192,20.1
_二期_供水泵房_5#加压泵__温度_通道6_反馈,2025-02-28 02:00:17,0,192,20.1
_二期_供水泵房_5#加压泵__温度_通道6_反馈,2025-02-28 02:00:18,0,192,20.1
_二期_供水泵房_5#加压泵__温度_通道6_反馈,2025-02-28 02:00:19,0,192,20.1
_二期_供水泵房_5#加压泵__温度_通道6_反馈,2025-02-28 02:00:20,0,192,20.1
_二期_供水泵房_5#加压泵__温度_通道6_反馈,2025-02-28 02:00:21,0,192,20.1
_二期_供水泵房_5#加压泵__温度_通道6_反馈,2025-02-28 02:00:22,0,192,20.1
_二期_供水泵房_5#加压泵__温度_通道6_反馈,2025-02-28 02:00:23,0,192,20.1
_二期_供水泵房_5#加压泵__温度_通道6_反馈,2025-02-28 02:00:24,0,192,20.1
_二期_供水泵房_5#加压泵__温度_通道6_反馈,2025-02-28 02:00:25,0,192,20.1
_二期_供水泵房_5#加压泵__温度_通道6_反馈,2025-02-28 02:00:26,0,192,20.1
_二期_供水泵房_5#加压泵__温度_通道6_反馈,2025-02-28 02:00:27,0,192,20.1
_二期_供水泵房_5#加压泵__温度_通道6_反馈,2025-02-28 02:00:28,0,192,20.1
_二期_供水泵房_5#加压泵__温度_通道6_反馈,2025-02-28 02:00:29,0,192,20.1
_二期_供水泵房_5#加压泵__温度_通道6_反馈,2025-02-28 02:00:30,0,192,20.1
_二期_供水泵房_5#加压泵__温度_通道6_反馈,2025-02-28 02:00:31,0,192,20.1
_二期_供水泵房_5#加压泵__温度_通道6_反馈,2025-02-28 02:00:32,0,192,20.1
_二期_供水泵房_5#加压泵__温度_通道6_反馈,2025-02-28 02:00:33,0,192,20.1
_二期_供水泵房_5#加压泵__温度_通道6_反馈,2025-02-28 02:00:34,0,192,20.1
_二期_供水泵房_5#加压泵__温度_通道6_反馈,2025-02-28 02:00:35,0,192,20.1
_二期_供水泵房_5#加压泵__温度_通道6_反馈,2025-02-28 02:00:36,0,192,20.1
_二期_供水泵房_5#加压泵__温度_通道6_反馈,2025-02-28 02:00:37,0,192,20.1
_二期_供水泵房_5#加压泵__温度_通道6_反馈,2025-02-28 02:00:38,0,192,20.1
_二期_供水泵房_5#加压泵__温度_通道6_反馈,2025-02-28 02:00:39,0,192,20.1
_二期_供水泵房_5#加压泵__温度_通道6_反馈,2025-02-28 02:00:40,0,192,20.1
_二期_供水泵房_5#加压泵__温度_通道6_反馈,2025-02-28 02:00:41,0,192,20.1
_二期_供水泵房_5#加压泵__温度_通道6_反馈,2025-02-28 02:00:42,0,192,20.1
_二期_供水泵房_5#加压泵__温度_通道6_反馈,2025-02-28 02:00:43,0,192,20.1
_二期_供水泵房_5#加压泵__温度_通道6_反馈,2025-02-28 02:00:44,0,192,20.1
_二期_供水泵房_5#加压泵__温度_通道6_反馈,2025-02-28 02:00:45,0,192,20.1
_二期_供水泵房_5#加压泵__温度_通道6_反馈,2025-02-28 02:00:46,0,192,20.1
_二期_供水泵房_5#加压泵__温度_通道6_反馈,2025-02-28 02:00:47,0,192,20.1
_二期_供水泵房_5#加压泵__温度_通道6_反馈,2025-02-28 02:00:48,0,192,20.1
_二期_供水泵房_5#加压泵__温度_通道6_反馈,2025-02-28 02:00:49,0,192,20.1
_二期_供水泵房_5#加压泵__温度_通道6_反馈,2025-02-28 02:00:50,0,192,20.1
_二期_供水泵房_5#加压泵__温度_通道6_反馈,2025-02-28 02:00:51,0,192,20.1
_二期_供水泵房_5#加压泵__温度_通道6_反馈,2025-02-28 02:00:52,0,192,20.1
_二期_供水泵房_5#加压泵__温度_通道6_反馈,2025-02-28 02:00:53,0,192,20.1
_二期_供水泵房_5#加压泵__温度_通道6_反馈,2025-02-28 02:00:54,0,192,20.1
_二期_供水泵房_5#加压泵__温度_通道6_反馈,2025-02-28 02:00:55,0,192,20.1
_二期_供水泵房_5#加压泵__温度_通道6_反馈,2025-02-28 02:00:56,0,192,20.1
_二期_供水泵房_5#加压泵__温度_通道6_反馈,2025-02-28 02:00:57,0,192,20.1
_二期_供水泵房_5#加压泵__温度_通道6_反馈,2025-02-28 02:00:58,0,192,20.1
_二期_供水泵房_5#加压泵__温度_通道6_反馈,2025-02-28 02:00:59,0,192,20.1
_二期_供水泵房_5#加压泵__温度_通道6_反馈,2025-02-28 02:01:00,0,192,20.1
_二期_供水泵房_5#加压泵__温度_通道6_反馈,2025-02-28 02:01:01,0,192,20.1
_二期_供水泵房_5#加压泵__温度_通道6_反馈,2025-02-28 02:01:02,0,192,20.1
_二期_供水泵房_5#加压泵__温度_通道6_反馈,2025-02-28 02:01:03,0,192,20.1
_二期_供水泵房_5#加压泵__温度_通道6_反馈,2025-02-28 02:01:04,0,192,20.1
_二期_供水泵房_5#加压泵__温度_通道6_反馈,2025-02-28 02:01:05,0,192,20.1
_二期_供水泵房_5#加压泵__温度_通道6_反馈,2025-02-28 02:01:06,0,192,20.1
_二期_供水泵房_5#加压泵__温度_通道6_反馈,2025-02-28 02:01:07,0,192,20.1
_二期_供水泵房_5#加压泵__温度_通道6_反馈,2025-02-28 02:01:08,0,192,20.1
_二期_供水泵房_5#加压泵__温度_通道6_反馈,2025-02-28 02:01:09,0,192,20.1
_二期_供水泵房_5#加压泵__温度_通道6_反馈,2025-02-28 02:01:10,0,192,20.1
_二期_供水泵房_5#加压泵__温度_通道6_反馈,2025-02-28 02:01:11,0,192,20.1
_二期_供水泵房_5#加压泵__温度_通道6_反馈,2025-02-28 02:01:12,0,192,20.1
_二期_供水泵房_5#加压泵__温度_通道6_反馈,2025-02-28 02:01:13,0,192,20.1
_二期_供水泵房_5#加压泵__温度_通道6_反馈,2025-02-28 02:01:14,0,192,20.1
_二期_供水泵房_5#加压泵__温度_通道6_反馈,2025-02-28 02:01:15,0,192,20.1
_二期_供水泵房_5#加压泵__温度_通道6_反馈,2025-02-28 02:01:16,0,192,20.1
_二期_供水泵房_5#加压泵__温度_通道6_反馈,2025-02-28 02:01:17,0,192,20.1
_二期_供水泵房_5#加压泵__温度_通道6_反馈,2025-02-28 02:01:18,0,192,20.1
_二期_供水泵房_5#加压泵__温度_通道6_反馈,2025-02-28 02:01:19,0,192,20.1
_二期_供水泵房_5#加压泵__温度_通道6_反馈,2025-02-28 02:01:20,0,192,20.1
_二期_供水泵房_5#加压泵__温度_通道6_反馈,2025-02-28 02:01:21,0,192,20.1
_二期_供水泵房_5#加压泵__温度_通道6_反馈,2025-02-28 02:01:22,0,192,20.1
_二期_供水泵房_5#加压泵__温度_通道6_反馈,2025-02-28 02:01:23,0,192,20.1
_二期_供水泵房_5#加压泵__温度_通道6_反馈,2025-02-28 02:01:24,0,192,20.1
_二期_供水泵房_5#加压泵__温度_通道6_反馈,2025-02-28 02:01:25,0,192,20.1
_二期_供水泵房_5#加压泵__温度_通道6_反馈,2025-02-28 02:01:26,0,192,20.1
_二期_供水泵房_5#加压泵__温度_通道6_反馈,2025-02-28 02:01:27,0,192,20.1
_二期_供水泵房_5#加压泵__温度_通道6_反馈,2025-02-28 02:01:28,0,192,20.1
_二期_供水泵房_5#加压泵__温度_通道6_反馈,2025-02-28 02:01:29,0,192,20.1
_二期_供水泵房_5#加压泵__温度_通道6_反馈,2025-02-28 02:01:30,0,192,20.1
_二期_供水泵房_5#加压泵__温度_通道6_反馈,2025-02-28 02:01:31,0,192,20.1
_二期_供水泵房_5#加压泵__温度_通道6_反馈,2025-02-28 02:01:32,0,192,20.1
_二期_供水泵房_5#加压泵__温度_通道6_反馈,2025-02-28 02:01:33,0,192,20.1
_二期_供水泵房_5#加压泵__温度_通道6_反馈,2025-02-28 02:01:34,0,192,20.1
_二期_供水泵房_5#加压泵__温度_通道6_反馈,2025-02-28 02:01:35,0,192,20.1
_二期_供水泵房_5#加压泵__温度_通道6_反馈,2025-02-28 02:01:36,0,192,20.1
_二期_供水泵房_5#加压泵__温度_通道6_反馈,2025-02-28 02:01:37,0,192,20.1
_二期_供水泵房_5#加压泵__温度_通道6_反馈,2025-02-28 02:01:38,0,192,20.1
_二期_供水泵房_5#加压泵__温度_通道6_反馈,2025-02-28 02:01:39,0,192,20.1
_二期_供水泵房_5#加压泵__温度_通道6_反馈,2025-02-28 02:01:40,0,192,20.1
_二期_供水泵房_5#加压泵__温度_通道6_反馈,2025-02-28 02:01:41,0,192,20.1
_二期_供水泵房_5#加压泵__温度_通道6_反馈,2025-02-28 02:01:42,0,192,20.1
_二期_供水泵房_5#加压泵__温度_通道6_反馈,2025-02-28 02:01:43,0,192,20.1
_二期_供水泵房_5#加压泵__温度_通道6_反馈,2025-02-28 02:01:44,0,192,20.1
_二期_供水泵房_5#加压泵__温度_通道6_反馈,2025-02-28 02:01:45,0,192,20.1
_二期_供水泵房_5#加压泵__温度_通道6_反馈,2025-02-28 02:01:46,0,192,20.1
_二期_供水泵房_5#加压泵__温度_通道6_反馈,2025-02-28 02:01:47,0,192,20.1
_二期_供水泵房_5#加压泵__温度_通道6_反馈,2025-02-28 02:01:48,0,192,20.1
_二期_供水泵房_5#加压泵__温度_通道6_反馈,2025-02-28 02:01:49,0,192,20.1
_二期_供水泵房_5#加压泵__温度_通道6_反馈,2025-02-28 02:01:50,0,192,20.1
_二期_供水泵房_5#加压泵__温度_通道6_反馈,2025-02-28 02:01:51,0,192,20.1
_二期_供水泵房_5#加压泵__温度_通道6_反馈,2025-02-28 02:01:52,0,192,20.1
_二期_供水泵房_5#加压泵__温度_通道6_反馈,2025-02-28 02:01:53,0,192,20.1
_二期_供水泵房_5#加压泵__温度_通道6_反馈,2025-02-28 02:01:54,0,192,20.1
_二期_供水泵房_5#加压泵__温度_通道6_反馈,2025-02-28 02:01:55,0,192,20.1
_二期_供水泵房_5#加压泵__温度_通道6_反馈,2025-02-28 02:01:56,0,192,20.1
_二期_供水泵房_5#加压泵__温度_通道6_反馈,2025-02-28 02:01:57,0,192,20.1
_二期_供水泵房_5#加压泵__温度_通道6_反馈,2025-02-28 02:01:58,0,192,20.1
_二期_供水泵房_5#加压泵__温度_通道6_反馈,2025-02-28 02:01:59,0,192,20.1
_二期_供水泵房_5#加压泵__温度_通道6_反馈,2025-02-28 02:02:00,0,192,20.1
_二期_供水泵房_5#加压泵__温度_通道6_反馈,2025-02-28 02:02:01,0,192,20.1
_二期_供水泵房_5#加压泵__温度_通道6_反馈,2025-02-28 02:02:02,0,192,20.1
_二期_供水泵房_5#加压泵__温度_通道6_反馈,2025-02-28 02:02:03,0,192,20.1
_二期_供水泵房_5#加压泵__温度_通道6_反馈,2025-02-28 02:02:04,0,192,20.1
_二期_供水泵房_5#加压泵__温度_通道6_反馈,2025-02-28 02:02:05,0,192,20.1
_二期_供水泵房_5#加压泵__温度_通道6_反馈,2025-02-28 02:02:06,0,192,20.1
_二期_供水泵房_5#加压泵__温度_通道6_反馈,2025-02-28 02:02:07,0,192,20.1
_二期_供水泵房_5#加压泵__温度_通道6_反馈,2025-02-28 02:02:08,0,192,20.1
_二期_供水泵房_5#加压泵__温度_通道6_反馈,2025-02-28 02:02:09,0,192,20.1
_二期_供水泵房_5#加压泵__温度_通道6_反馈,2025-02-28 02:02:10,0,192,20.1
_二期_供水泵房_5#加压泵__温度_通道6_反馈,2025-02-28 02:02:11,0,192,20.1
_二期_供水泵房_5#加压泵__温度_通道6_反馈,2025-02-28 02:02:12,0,192,20.1
_二期_供水泵房_5#加压泵__温度_通道6_反馈,2025-02-28 02:02:13,0,192,20.1
_二期_供水泵房_5#加压泵__温度_通道6_反馈,2025-02-28 02:02:14,0,192,20.1
_二期_供水泵房_5#加压泵__温度_通道6_反馈,2025-02-28 02:02:15,0,192,20.1
_二期_供水泵房_5#加压泵__温度_通道6_反馈,2025-02-28 02:02:16,0,192,20.1
_二期_供水泵房_5#加压泵__温度_通道6_反馈,2025-02-28 02:02:17,0,192,20.1
_二期_供水泵房_5#加压泵__温度_通道6_反馈,2025-02-28 02:02:18,0,192,20.1
_二期_供水泵房_5#加压泵__温度_通道6_反馈,2025-02-28 02:02:19,0,192,20.1
_二期_供水泵房_5#加压泵__温度_通道6_反馈,2025-02-28 02:02:20,0,192,20.1
_二期_供水泵房_5#加压泵__温度_通道6_反馈,2025-02-28 02:02:21,0,192,20.1
_二期_供水泵房_5#加压泵__温度_通道6_反馈,2025-02-28 02:02:22,0,192,20.1
_二期_供水泵房_5#加压泵__温度_通道6_反馈,2025-02-28 02:02:23,0,192,20.1
_二期_供水泵房_5#加压泵__温度_通道6_反馈,2025-02-28 02:02:24,0,192,20.1
_二期_供水泵房_5#加压泵__温度_通道6_反馈,2025-02-28 02:02:25,0,192,20.1
_二期_供水泵房_5#加压泵__温度_通道6_反馈,2025-02-28 02:02:26,0,192,20.1
_二期_供水泵房_5#加压泵__温度_通道6_反馈,2025-02-28 02:02:27,0,192,20.1
_二期_供水泵房_5#加压泵__温度_通道6_反馈,2025-02-28 02:02:28,0,192,20.1
_二期_供水泵房_5#加压泵__温度_通道6_反馈,2025-02-28 02:02:29,0,192,20.1
_二期_供水泵房_5#加压泵__温度_通道6_反馈,2025-02-28 02:02:30,0,192,20.1
_二期_供水泵房_5#加压泵__温度_通道6_反馈,2025-02-28 02:02:31,0,192,20.1
_二期_供水泵房_5#加压泵__温度_通道6_反馈,2025-02-28 02:02:32,0,192,20.1
_二期_供水泵房_5#加压泵__温度_通道6_反馈,2025-02-28 02:02:33,0,192,20.1
_二期_供水泵房_5#加压泵__温度_通道6_反馈,2025-02-28 02:02:34,0,192,20.1
_二期_供水泵房_5#加压泵__温度_通道6_反馈,2025-02-28 02:02:35,0,192,20.1
_二期_供水泵房_5#加压泵__温度_通道6_反馈,2025-02-28 02:02:36,0,192,20.1
_二期_供水泵房_5#加压泵__温度_通道6_反馈,2025-02-28 02:02:37,0,192,20.1
_二期_供水泵房_5#加压泵__温度_通道6_反馈,2025-02-28 02:02:38,0,192,20.1
_二期_供水泵房_5#加压泵__温度_通道6_反馈,2025-02-28 02:02:39,0,192,20.1
_二期_供水泵房_5#加压泵__温度_通道6_反馈,2025-02-28 02:02:40,0,192,20.1
_二期_供水泵房_5#加压泵__温度_通道6_反馈,2025-02-28 02:02:41,0,192,20.1
_二期_供水泵房_5#加压泵__温度_通道6_反馈,2025-02-28 02:02:42,0,192,20.1
_二期_供水泵房_5#加压泵__温度_通道6_反馈,2025-02-28 02:02:43,0,192,20.1
_二期_供水泵房_5#加压泵__温度_通道6_反馈,2025-02-28 02:02:44,0,192,20.1
_二期_供水泵房_5#加压泵__温度_通道6_反馈,2025-02-28 02:02:45,0,192,20.1
_二期_供水泵房_5#加压泵__温度_通道6_反馈,2025-02-28 02:02:46,0,192,20.1
_二期_供水泵房_5#加压泵__温度_通道6_反馈,2025-02-28 02:02:47,0,192,20.1
_二期_供水泵房_5#加压泵__温度_通道6_反馈,2025-02-28 02:02:48,0,192,20.1
_二期_供水泵房_5#加压泵__温度_通道6_反馈,2025-02-28 02:02:49,0,192,20.1
_二期_供水泵房_5#加压泵__温度_通道6_反馈,2025-02-28 02:02:50,0,192,20.1
_二期_供水泵房_5#加压泵__温度_通道6_反馈,2025-02-28 02:02:51,0,192,20.1
_二期_供水泵房_5#加压泵__温度_通道6_反馈,2025-02-28 02:02:52,0,192,20.1
_二期_供水泵房_5#加压泵__温度_通道6_反馈,2025-02-28 02:02:53,0,192,20.1
_二期_供水泵房_5#加压泵__温度_通道6_反馈,2025-02-28 02:02:54,0,192,20.1
_二期_供水泵房_5#加压泵__温度_通道6_反馈,2025-02-28 02:02:55,0,192,20.1
_二期_供水泵房_5#加压泵__温度_通道6_反馈,2025-02-28 02:02:56,0,192,20.1
_二期_供水泵房_5#加压泵__温度_通道6_反馈,2025-02-28 02:02:57,0,192,20.1
_二期_供水泵房_5#加压泵__温度_通道6_反馈,2025-02-28 02:02:58,0,192,20.1
_二期_供水泵房_5#加压泵__温度_通道6_反馈,2025-02-28 02:02:59,0,192,20.1
_二期_供水泵房_5#加压泵__温度_通道6_反馈,2025-02-28 02:03:00,0,192,20.1
_二期_供水泵房_5#加压泵__温度_通道6_反馈,2025-02-28 02:03:01,0,192,20.1
_二期_供水泵房_5#加压泵__温度_通道6_反馈,2025-02-28 02:03:02,0,192,20.1
_二期_供水泵房_5#加压泵__温度_通道6_反馈,2025-02-28 02:03:03,0,192,20.1
_二期_供水泵房_5#加压泵__温度_通道6_反馈,2025-02-28 02:03:04,0,192,20.1
_二期_供水泵房_5#加压泵__温度_通道6_反馈,2025-02-28 02:03:05,0,192,20.1
_二期_供水泵房_5#加压泵__温度_通道6_反馈,2025-02-28 02:03:06,0,192,20.1
_二期_供水泵房_5#加压泵__温度_通道6_反馈,2025-02-28 02:03:07,0,192,20.1
_二期_供水泵房_5#加压泵__温度_通道6_反馈,2025-02-28 02:03:08,0,192,20.1
_二期_供水泵房_5#加压泵__温度_通道6_反馈,2025-02-28 02:03:09,0,192,20.1
_二期_供水泵房_5#加压泵__温度_通道6_反馈,2025-02-28 02:03:10,0,192,20.1
_二期_供水泵房_5#加压泵__温度_通道6_反馈,2025-02-28 02:03:11,0,192,20.1
_二期_供水泵房_5#加压泵__温度_通道6_反馈,2025-02-28 02:03:12,0,192,20.1
_二期_供水泵房_5#加压泵__温度_通道6_反馈,2025-02-28 02:03:13,0,192,20.1
_二期_供水泵房_5#加压泵__温度_通道6_反馈,2025-02-28 02:03:14,0,192,20.1
_二期_供水泵房_5#加压泵__温度_通道6_反馈,2025-02-28 02:03:15,0,192,20.1
_二期_供水泵房_5#加压泵__温度_通道6_反馈,2025-02-28 02:03:16,0,192,20.1
_二期_供水泵房_5#加压泵__温度_通道6_反馈,2025-02-28 02:03:17,0,192,20.1
_二期_供水泵房_5#加压泵__温度_通道6_反馈,2025-02-28 02:03:18,0,192,20.1
_二期_供水泵房_5#加压泵__温度_通道6_反馈,2025-02-28 02:03:19,0,192,20.1
_二期_供水泵房_5#加压泵__温度_通道6_反馈,2025-02-28 02:03:20,0,192,20.1
_二期_供水泵房_5#加压泵__温度_通道6_反馈,2025-02-28 02:03:21,0,192,20.1
_二期_供水泵房_5#加压泵__温度_通道6_反馈,2025-02-28 02:03:22,0,192,20.1
_二期_供水泵房_5#加压泵__温度_通道6_反馈,2025-02-28 02:03:23,0,192,20.1
_二期_供水泵房_5#加压泵__温度_通道6_反馈,2025-02-28 02:03:24,0,192,20.1
_二期_供水泵房_5#加压泵__温度_通道6_反馈,2025-02-28 02:03:25,0,192,20.1
_二期_供水泵房_5#加压泵__温度_通道6_反馈,2025-02-28 02:03:26,0,192,20.1
_二期_供水泵房_5#加压泵__温度_通道6_反馈,2025-02-28 02:03:27,0,192,20.1
_二期_供水泵房_5#加压泵__温度_通道6_反馈,2025-02-28 02:03:28,0,192,20.1
_二期_供水泵房_5#加压泵__温度_通道6_反馈,2025-02-28 02:03:29,0,192,20.1
_二期_供水泵房_5#加压泵__温度_通道6_反馈,2025-02-28 02:03:30,0,192,20.1
_二期_供水泵房_5#加压泵__温度_通道6_反馈,2025-02-28 02:03:31,0,192,20.1
_二期_供水泵房_5#加压泵__温度_通道6_反馈,2025-02-28 02:03:32,0,192,20.1
_二期_供水泵房_5#加压泵__温度_通道6_反馈,2025-02-28 02:03:33,0,192,20.1
_二期_供水泵房_5#加压泵__温度_通道6_反馈,2025-02-28 02:03:34,0,192,20.1
_二期_供水泵房_5#加压泵__温度_通道6_反馈,2025-02-28 02:03:35,0,192,20.1
_二期_供水泵房_5#加压泵__温度_通道6_反馈,2025-02-28 02:03:36,0,192,20.1
_二期_供水泵房_5#加压泵__温度_通道6_反馈,2025-02-28 02:03:37,0,192,20.1
_二期_供水泵房_5#加压泵__温度_通道6_反馈,2025-02-28 02:03:38,0,192,20.1
_二期_供水泵房_5#加压泵__温度_通道6_反馈,2025-02-28 02:03:39,0,192,20.1
_二期_供水泵房_5#加压泵__温度_通道6_反馈,2025-02-28 02:03:40,0,192,20.1
_二期_供水泵房_5#加压泵__温度_通道6_反馈,2025-02-28 02:03:41,0,192,20.1
_二期_供水泵房_5#加压泵__温度_通道6_反馈,2025-02-28 02:03:42,0,192,20.1
_二期_供水泵房_5#加压泵__温度_通道6_反馈,2025-02-28 02:03:43,0,192,20.1
_二期_供水泵房_5#加压泵__温度_通道6_反馈,2025-02-28 02:03:44,0,192,20.1
_二期_供水泵房_5#加压泵__温度_通道6_反馈,2025-02-28 02:03:45,0,192,20.1
_二期_供水泵房_5#加压泵__温度_通道6_反馈,2025-02-28 02:03:46,0,192,20.1
_二期_供水泵房_5#加压泵__温度_通道6_反馈,2025-02-28 02:03:47,0,192,20.1
_二期_供水泵房_5#加压泵__温度_通道6_反馈,2025-02-28 02:03:48,0,192,20.1
_二期_供水泵房_5#加压泵__温度_通道6_反馈,2025-02-28 02:03:49,0,192,20.1
_二期_供水泵房_5#加压泵__温度_通道6_反馈,2025-02-28 02:03:50,0,192,20.1
_二期_供水泵房_5#加压泵__温度_通道6_反馈,2025-02-28 02:03:51,0,192,20.1
_二期_供水泵房_5#加压泵__温度_通道6_反馈,2025-02-28 02:03:52,0,192,20.1
_二期_供水泵房_5#加压泵__温度_通道6_反馈,2025-02-28 02:03:53,0,192,20.1
_二期_供水泵房_5#加压泵__温度_通道6_反馈,2025-02-28 02:03:54,0,192,20.1
_二期_供水泵房_5#加压泵__温度_通道6_反馈,2025-02-28 02:03:55,0,192,20.1
_二期_供水泵房_5#加压泵__温度_通道6_反馈,2025-02-28 02:03:56,0,192,20.1
_二期_供水泵房_5#加压泵__温度_通道6_反馈,2025-02-28 02:03:57,0,192,20.1
_二期_供水泵房_5#加压泵__温度_通道6_反馈,2025-02-28 02:03:58,0,192,20.1
_二期_供水泵房_5#加压泵__温度_通道6_反馈,2025-02-28 02:03:59,0,192,20.1
_二期_供水泵房_5#加压泵__温度_通道6_反馈,2025-02-28 02:04:00,0,192,20.1
_二期_供水泵房_5#加压泵__温度_通道6_反馈,2025-02-28 02:04:01,0,192,20.1
_二期_供水泵房_5#加压泵__温度_通道6_反馈,2025-02-28 02:04:02,0,192,20.1
_二期_供水泵房_5#加压泵__温度_通道6_反馈,2025-02-28 02:04:03,0,192,20.1
_二期_供水泵房_5#加压泵__温度_通道6_反馈,2025-02-28 02:04:04,0,192,20.1
_二期_供水泵房_5#加压泵__温度_通道6_反馈,2025-02-28 02:04:05,0,192,20.1
_二期_供水泵房_5#加压泵__温度_通道6_反馈,2025-02-28 02:04:06,0,192,20.1
_二期_供水泵房_5#加压泵__温度_通道6_反馈,2025-02-28 02:04:07,0,192,20.1
_二期_供水泵房_5#加压泵__温度_通道6_反馈,2025-02-28 02:04:08,0,192,20.1
_二期_供水泵房_5#加压泵__温度_通道6_反馈,2025-02-28 02:04:09,0,192,20.1
_二期_供水泵房_5#加压泵__温度_通道6_反馈,2025-02-28 02:04:10,0,192,20.1
_二期_供水泵房_5#加压泵__温度_通道6_反馈,2025-02-28 02:04:11,0,192,20.1
_二期_供水泵房_5#加压泵__温度_通道6_反馈,2025-02-28 02:04:12,0,192,20.1
_二期_供水泵房_5#加压泵__温度_通道6_反馈,2025-02-28 02:04:13,0,192,20.1
_二期_供水泵房_5#加压泵__温度_通道6_反馈,2025-02-28 02:04:14,0,192,20.1
_二期_供水泵房_5#加压泵__温度_通道6_反馈,2025-02-28 02:04:15,0,192,20.1
_二期_供水泵房_5#加压泵__温度_通道6_反馈,2025-02-28 02:04:16,0,192,20.1
_二期_供水泵房_5#加压泵__温度_通道6_反馈,2025-02-28 02:04:17,0,192,20.1
_二期_供水泵房_5#加压泵__温度_通道6_反馈,2025-02-28 02:04:18,0,192,20.1
_二期_供水泵房_5#加压泵__温度_通道6_反馈,2025-02-28 02:04:19,0,192,20.1
_二期_供水泵房_5#加压泵__温度_通道6_反馈,2025-02-28 02:04:20,0,192,20.1
_二期_供水泵房_5#加压泵__温度_通道6_反馈,2025-02-28 02:04:21,0,192,20.1
_二期_供水泵房_5#加压泵__温度_通道6_反馈,2025-02-28 02:04:22,0,192,20.1
_二期_供水泵房_5#加压泵__温度_通道6_反馈,2025-02-28 02:04:23,0,192,20.1
_二期_供水泵房_5#加压泵__温度_通道6_反馈,2025-02-28 02:04:24,0,192,20.1
_二期_供水泵房_5#加压泵__温度_通道6_反馈,2025-02-28 02:04:25,0,192,20.1
_二期_供水泵房_5#加压泵__温度_通道6_反馈,2025-02-28 02:04:26,0,192,20.1
_二期_供水泵房_5#加压泵__温度_通道6_反馈,2025-02-28 02:04:27,0,192,20.1
_二期_供水泵房_5#加压泵__温度_通道6_反馈,2025-02-28 02:04:28,0,192,20.1
_二期_供水泵房_5#加压泵__温度_通道6_反馈,2025-02-28 02:04:29,0,192,20.1
_二期_供水泵房_5#加压泵__温度_通道6_反馈,2025-02-28 02:04:30,0,192,20.1
_二期_供水泵房_5#加压泵__温度_通道6_反馈,2025-02-28 02:04:31,0,192,20.1
_二期_供水泵房_5#加压泵__温度_通道6_反馈,2025-02-28 02:04:32,0,192,20.1
_二期_供水泵房_5#加压泵__温度_通道6_反馈,2025-02-28 02:04:33,0,192,20.1
_二期_供水泵房_5#加压泵__温度_通道6_反馈,2025-02-28 02:04:34,0,192,20.1
_二期_供水泵房_5#加压泵__温度_通道6_反馈,2025-02-28 02:04:35,0,192,20.1
_二期_供水泵房_5#加压泵__温度_通道6_反馈,2025-02-28 02:04:36,0,192,20.1
_二期_供水泵房_5#加压泵__温度_通道6_反馈,2025-02-28 02:04:37,0,192,20.1
_二期_供水泵房_5#加压泵__温度_通道6_反馈,2025-02-28 02:04:38,0,192,20.1
_二期_供水泵房_5#加压泵__温度_通道6_反馈,2025-02-28 02:04:39,0,192,20.1
_二期_供水泵房_5#加压泵__温度_通道6_反馈,2025-02-28 02:04:40,0,192,20.1
_二期_供水泵房_5#加压泵__温度_通道6_反馈,2025-02-28 02:04:41,0,192,20.1
_二期_供水泵房_5#加压泵__温度_通道6_反馈,2025-02-28 02:04:42,0,192,20.1
_二期_供水泵房_5#加压泵__温度_通道6_反馈,2025-02-28 02:04:43,0,192,20.1
_二期_供水泵房_5#加压泵__温度_通道6_反馈,2025-02-28 02:04:44,0,192,20.1
_二期_供水泵房_5#加压泵__温度_通道6_反馈,2025-02-28 02:04:45,0,192,20.1
_二期_供水泵房_5#加压泵__温度_通道6_反馈,2025-02-28 02:04:46,0,192,20.1
_二期_供水泵房_5#加压泵__温度_通道6_反馈,2025-02-28 02:04:47,0,192,20.1
_二期_供水泵房_5#加压泵__温度_通道6_反馈,2025-02-28 02:04:48,0,192,20.1
_二期_供水泵房_5#加压泵__温度_通道6_反馈,2025-02-28 02:04:49,0,192,20.1
_二期_供水泵房_5#加压泵__温度_通道6_反馈,2025-02-28 02:04:50,0,192,20.1
_二期_供水泵房_5#加压泵__温度_通道6_反馈,2025-02-28 02:04:51,0,192,20.1
_二期_供水泵房_5#加压泵__温度_通道6_反馈,2025-02-28 02:04:52,0,192,20.1
_二期_供水泵房_5#加压泵__温度_通道6_反馈,2025-02-28 02:04:53,0,192,20.1
_二期_供水泵房_5#加压泵__温度_通道6_反馈,2025-02-28 02:04:54,0,192,20.1
_二期_供水泵房_5#加压泵__温度_通道6_反馈,2025-02-28 02:04:55,0,192,20.1
_二期_供水泵房_5#加压泵__温度_通道6_反馈,2025-02-28 02:04:56,0,192,20.1
_二期_供水泵房_5#加压泵__温度_通道6_反馈,2025-02-28 02:04:57,0,192,20.1
_二期_供水泵房_5#加压泵__温度_通道6_反馈,2025-02-28 02:04:58,0,192,20.1
_二期_供水泵房_5#加压泵__温度_通道6_反馈,2025-02-28 02:04:59,0,192,20.1
_二期_供水泵房_5#加压泵__温度_通道6_反馈,2025-02-28 02:05:00,0,192,20.1
_二期_供水泵房_5#加压泵__温度_通道6_反馈,2025-02-28 02:05:01,0,192,20.1
_二期_供水泵房_5#加压泵__温度_通道6_反馈,2025-02-28 02:05:02,0,192,20.1
_二期_供水泵房_5#加压泵__温度_通道6_反馈,2025-02-28 02:05:03,0,192,20.1
_二期_供水泵房_5#加压泵__温度_通道6_反馈,2025-02-28 02:05:04,0,192,20.1
_二期_供水泵房_5#加压泵__温度_通道6_反馈,2025-02-28 02:05:05,0,192,20.1
_二期_供水泵房_5#加压泵__温度_通道6_反馈,2025-02-28 02:05:06,0,192,20.1
_二期_供水泵房_5#加压泵__温度_通道6_反馈,2025-02-28 02:05:07,0,192,20.1
_二期_供水泵房_5#加压泵__温度_通道6_反馈,2025-02-28 02:05:08,0,192,20.1
_二期_供水泵房_5#加压泵__温度_通道6_反馈,2025-02-28 02:05:09,0,192,20.1
_二期_供水泵房_5#加压泵__温度_通道6_反馈,2025-02-28 02:05:10,0,192,20.1
_二期_供水泵房_5#加压泵__温度_通道6_反馈,2025-02-28 02:05:11,0,192,20.1
_二期_供水泵房_5#加压泵__温度_通道6_反馈,2025-02-28 02:05:12,0,192,20.1
_二期_供水泵房_5#加压泵__温度_通道6_反馈,2025-02-28 02:05:13,0,192,20.1
_二期_供水泵房_5#加压泵__温度_通道6_反馈,2025-02-28 02:05:14,0,192,20.1
_二期_供水泵房_5#加压泵__温度_通道6_反馈,2025-02-28 02:05:15,0,192,20.1
_二期_供水泵房_5#加压泵__温度_通道6_反馈,2025-02-28 02:05:16,0,192,20.1
_二期_供水泵房_5#加压泵__温度_通道6_反馈,2025-02-28 02:05:17,0,192,20.1
_二期_供水泵房_5#加压泵__温度_通道6_反馈,2025-02-28 02:05:18,0,192,20.1
_二期_供水泵房_5#加压泵__温度_通道6_反馈,2025-02-28 02:05:19,0,192,20.1
_二期_供水泵房_5#加压泵__温度_通道6_反馈,2025-02-28 02:05:20,0,192,20.1
_二期_供水泵房_5#加压泵__温度_通道6_反馈,2025-02-28 02:05:21,0,192,20.1
_二期_供水泵房_5#加压泵__温度_通道6_反馈,2025-02-28 02:05:22,0,192,20.1
_二期_供水泵房_5#加压泵__温度_通道6_反馈,2025-02-28 02:05:23,0,192,20.1
_二期_供水泵房_5#加压泵__温度_通道6_反馈,2025-02-28 02:05:24,0,192,20.1
_二期_供水泵房_5#加压泵__温度_通道6_反馈,2025-02-28 02:05:25,0,192,20.1
_二期_供水泵房_5#加压泵__温度_通道6_反馈,2025-02-28 02:05:26,0,192,20.1
_二期_供水泵房_5#加压泵__温度_通道6_反馈,2025-02-28 02:05:27,0,192,20.1
_二期_供水泵房_5#加压泵__温度_通道6_反馈,2025-02-28 02:05:28,0,192,20.1
_二期_供水泵房_5#加压泵__温度_通道6_反馈,2025-02-28 02:05:29,0,192,20.1
_二期_供水泵房_5#加压泵__温度_通道6_反馈,2025-02-28 02:05:30,0,192,20.1
_二期_供水泵房_5#加压泵__温度_通道6_反馈,2025-02-28 02:05:31,0,192,20.1
_二期_供水泵房_5#加压泵__温度_通道6_反馈,2025-02-28 02:05:32,0,192,20.1
_二期_供水泵房_5#加压泵__温度_通道6_反馈,2025-02-28 02:05:33,0,192,20.1
_二期_供水泵房_5#加压泵__温度_通道6_反馈,2025-02-28 02:05:34,0,192,20.1
_二期_供水泵房_5#加压泵__温度_通道6_反馈,2025-02-28 02:05:35,0,192,20.1
_二期_供水泵房_5#加压泵__温度_通道6_反馈,2025-02-28 02:05:36,0,192,20.1
_二期_供水泵房_5#加压泵__温度_通道6_反馈,2025-02-28 02:05:37,0,192,20.1
_二期_供水泵房_5#加压泵__温度_通道6_反馈,2025-02-28 02:05:38,0,192,20.1
_二期_供水泵房_5#加压泵__温度_通道6_反馈,2025-02-28 02:05:39,0,192,20.1
_二期_供水泵房_5#加压泵__温度_通道6_反馈,2025-02-28 02:05:40,0,192,20.1
_二期_供水泵房_5#加压泵__温度_通道6_反馈,2025-02-28 02:05:41,0,192,20.1
_二期_供水泵房_5#加压泵__温度_通道6_反馈,2025-02-28 02:05:42,0,192,20.1
_二期_供水泵房_5#加压泵__温度_通道6_反馈,2025-02-28 02:05:43,0,192,20.1
_二期_供水泵房_5#加压泵__温度_通道6_反馈,2025-02-28 02:05:44,0,192,20.1
_二期_供水泵房_5#加压泵__温度_通道6_反馈,2025-02-28 02:05:45,0,192,20.1
_二期_供水泵房_5#加压泵__温度_通道6_反馈,2025-02-28 02:05:46,0,192,20.1
_二期_供水泵房_5#加压泵__温度_通道6_反馈,2025-02-28 02:05:47,0,192,20.1
_二期_供水泵房_5#加压泵__温度_通道6_反馈,2025-02-28 02:05:48,0,192,20.1
_二期_供水泵房_5#加压泵__温度_通道6_反馈,2025-02-28 02:05:49,0,192,20.1
_二期_供水泵房_5#加压泵__温度_通道6_反馈,2025-02-28 02:05:50,0,192,20.1
_二期_供水泵房_5#加压泵__温度_通道6_反馈,2025-02-28 02:05:51,0,192,20.1
_二期_供水泵房_5#加压泵__温度_通道6_反馈,2025-02-28 02:05:52,0,192,20.1
_二期_供水泵房_5#加压泵__温度_通道6_反馈,2025-02-28 02:05:53,0,192,20.1
_二期_供水泵房_5#加压泵__温度_通道6_反馈,2025-02-28 02:05:54,0,192,20.1
_二期_供水泵房_5#加压泵__温度_通道6_反馈,2025-02-28 02:05:55,0,192,20.1
_二期_供水泵房_5#加压泵__温度_通道6_反馈,2025-02-28 02:05:56,0,192,20.1
_二期_供水泵房_5#加压泵__温度_通道6_反馈,2025-02-28 02:05:57,0,192,20.1
_二期_供水泵房_5#加压泵__温度_通道6_反馈,2025-02-28 02:05:58,0,192,20.1
_二期_供水泵房_5#加压泵__温度_通道6_反馈,2025-02-28 02:05:59,0,192,20.1
_二期_供水泵房_5#加压泵__温度_通道6_反馈,2025-02-28 02:06:00,0,192,20.1
_二期_供水泵房_5#加压泵__温度_通道6_反馈,2025-02-28 02:06:01,0,192,20.1
_二期_供水泵房_5#加压泵__温度_通道6_反馈,2025-02-28 02:06:02,0,192,20.1
_二期_供水泵房_5#加压泵__温度_通道6_反馈,2025-02-28 02:06:03,0,192,20.1
_二期_供水泵房_5#加压泵__温度_通道6_反馈,2025-02-28 02:06:04,0,192,20.1
_二期_供水泵房_5#加压泵__温度_通道6_反馈,2025-02-28 02:06:05,0,192,20.1
_二期_供水泵房_5#加压泵__温度_通道6_反馈,2025-02-28 02:06:06,0,192,20.1
_二期_供水泵房_5#加压泵__温度_通道6_反馈,2025-02-28 02:06:07,0,192,20.1
_二期_供水泵房_5#加压泵__温度_通道6_反馈,2025-02-28 02:06:08,0,192,20.1
_二期_供水泵房_5#加压泵__温度_通道6_反馈,2025-02-28 02:06:09,0,192,20.1
_二期_供水泵房_5#加压泵__温度_通道6_反馈,2025-02-28 02:06:10,0,192,20.1
_二期_供水泵房_5#加压泵__温度_通道6_反馈,2025-02-28 02:06:11,0,192,20.1
_二期_供水泵房_5#加压泵__温度_通道6_反馈,2025-02-28 02:06:12,0,192,20.1
_二期_供水泵房_5#加压泵__温度_通道6_反馈,2025-02-28 02:06:13,0,192,20.1
_二期_供水泵房_5#加压泵__温度_通道6_反馈,2025-02-28 02:06:14,0,192,20.1
_二期_供水泵房_5#加压泵__温度_通道6_反馈,2025-02-28 02:06:15,0,192,20.1
_二期_供水泵房_5#加压泵__温度_通道6_反馈,2025-02-28 02:06:16,0,192,20.1
_二期_供水泵房_5#加压泵__温度_通道6_反馈,2025-02-28 02:06:17,0,192,20.1
_二期_供水泵房_5#加压泵__温度_通道6_反馈,2025-02-28 02:06:18,0,192,20.1
_二期_供水泵房_5#加压泵__温度_通道6_反馈,2025-02-28 02:06:19,0,192,20.1
_二期_供水泵房_5#加压泵__温度_通道6_反馈,2025-02-28 02:06:20,0,192,20.1
_二期_供水泵房_5#加压泵__温度_通道6_反馈,2025-02-28 02:06:21,0,192,20.1
_二期_供水泵房_5#加压泵__温度_通道6_反馈,2025-02-28 02:06:22,0,192,20.1
_二期_供水泵房_5#加压泵__温度_通道6_反馈,2025-02-28 02:06:23,0,192,20.1
_二期_供水泵房_5#加压泵__温度_通道6_反馈,2025-02-28 02:06:24,0,192,20.1
_二期_供水泵房_5#加压泵__温度_通道6_反馈,2025-02-28 02:06:25,0,192,20.1
_二期_供水泵房_5#加压泵__温度_通道6_反馈,2025-02-28 02:06:26,0,192,20.1
_二期_供水泵房_5#加压泵__温度_通道6_反馈,2025-02-28 02:06:27,0,192,20.1
_二期_供水泵房_5#加压泵__温度_通道6_反馈,2025-02-28 02:06:28,0,192,20.1
_二期_供水泵房_5#加压泵__温度_通道6_反馈,2025-02-28 02:06:29,0,192,20.1
_二期_供水泵房_5#加压泵__温度_通道6_反馈,2025-02-28 02:06:30,0,192,20.1
_二期_供水泵房_5#加压泵__温度_通道6_反馈,2025-02-28 02:06:31,0,192,20.1
_二期_供水泵房_5#加压泵__温度_通道6_反馈,2025-02-28 02:06:32,0,192,20.1
_二期_供水泵房_5#加压泵__温度_通道6_反馈,2025-02-28 02:06:33,0,192,20.1
_二期_供水泵房_5#加压泵__温度_通道6_反馈,2025-02-28 02:06:34,0,192,20.1
_二期_供水泵房_5#加压泵__温度_通道6_反馈,2025-02-28 02:06:35,0,192,20.1
_二期_供水泵房_5#加压泵__温度_通道6_反馈,2025-02-28 02:06:36,0,192,20.1
_二期_供水泵房_5#加压泵__温度_通道6_反馈,2025-02-28 02:06:37,0,192,20.1
_二期_供水泵房_5#加压泵__温度_通道6_反馈,2025-02-28 02:06:38,0,192,20.1
_二期_供水泵房_5#加压泵__温度_通道6_反馈,2025-02-28 02:06:39,0,192,20.1
_二期_供水泵房_5#加压泵__温度_通道6_反馈,2025-02-28 02:06:40,0,192,20.1
_二期_供水泵房_5#加压泵__温度_通道6_反馈,2025-02-28 02:06:41,0,192,20.1
_二期_供水泵房_5#加压泵__温度_通道6_反馈,2025-02-28 02:06:42,0,192,20.1
_二期_供水泵房_5#加压泵__温度_通道6_反馈,2025-02-28 02:06:43,0,192,20.1
_二期_供水泵房_5#加压泵__温度_通道6_反馈,2025-02-28 02:06:44,0,192,20.1
_二期_供水泵房_5#加压泵__温度_通道6_反馈,2025-02-28 02:06:45,0,192,20.1
_二期_供水泵房_5#加压泵__温度_通道6_反馈,2025-02-28 02:06:46,0,192,20.1
_二期_供水泵房_5#加压泵__温度_通道6_反馈,2025-02-28 02:06:47,0,192,20.1
_二期_供水泵房_5#加压泵__温度_通道6_反馈,2025-02-28 02:06:48,0,192,20.1
_二期_供水泵房_5#加压泵__温度_通道6_反馈,2025-02-28 02:06:49,0,192,20.1
_二期_供水泵房_5#加压泵__温度_通道6_反馈,2025-02-28 02:06:50,0,192,20.1
_二期_供水泵房_5#加压泵__温度_通道6_反馈,2025-02-28 02:06:51,0,192,20.1
_二期_供水泵房_5#加压泵__温度_通道6_反馈,2025-02-28 02:06:52,0,192,20.1
_二期_供水泵房_5#加压泵__温度_通道6_反馈,2025-02-28 02:06:53,0,192,20.1
_二期_供水泵房_5#加压泵__温度_通道6_反馈,2025-02-28 02:06:54,0,192,20.1
_二期_供水泵房_5#加压泵__温度_通道6_反馈,2025-02-28 02:06:55,0,192,20.1
_二期_供水泵房_5#加压泵__温度_通道6_反馈,2025-02-28 02:06:56,0,192,20.1
_二期_供水泵房_5#加压泵__温度_通道6_反馈,2025-02-28 02:06:57,0,192,20.1
_二期_供水泵房_5#加压泵__温度_通道6_反馈,2025-02-28 02:06:58,0,192,20.1
_二期_供水泵房_5#加压泵__温度_通道6_反馈,2025-02-28 02:06:59,0,192,20.1
_二期_供水泵房_5#加压泵__温度_通道6_反馈,2025-02-28 02:07:00,0,192,20.1
_二期_供水泵房_5#加压泵__温度_通道6_反馈,2025-02-28 02:07:01,0,192,20.1
_二期_供水泵房_5#加压泵__温度_通道6_反馈,2025-02-28 02:07:02,0,192,20.1
_二期_供水泵房_5#加压泵__温度_通道6_反馈,2025-02-28 02:07:03,0,192,20.1
_二期_供水泵房_5#加压泵__温度_通道6_反馈,2025-02-28 02:07:04,0,192,20.1
_二期_供水泵房_5#加压泵__温度_通道6_反馈,2025-02-28 02:07:05,0,192,20.1
_二期_供水泵房_5#加压泵__温度_通道6_反馈,2025-02-28 02:07:06,0,192,20.1
_二期_供水泵房_5#加压泵__温度_通道6_反馈,2025-02-28 02:07:07,0,192,20.1
_二期_供水泵房_5#加压泵__温度_通道6_反馈,2025-02-28 02:07:08,0,192,20.1
_二期_供水泵房_5#加压泵__温度_通道6_反馈,2025-02-28 02:07:09,0,192,20.1
_二期_供水泵房_5#加压泵__温度_通道6_反馈,2025-02-28 02:07:10,0,192,20.1
_二期_供水泵房_5#加压泵__温度_通道6_反馈,2025-02-28 02:07:11,0,192,20.1
_二期_供水泵房_5#加压泵__温度_通道6_反馈,2025-02-28 02:07:12,0,192,20.1
_二期_供水泵房_5#加压泵__温度_通道6_反馈,2025-02-28 02:07:13,0,192,20.1
_二期_供水泵房_5#加压泵__温度_通道6_反馈,2025-02-28 02:07:14,0,192,20.1
_二期_供水泵房_5#加压泵__温度_通道6_反馈,2025-02-28 02:07:15,0,192,20.1
_二期_供水泵房_5#加压泵__温度_通道6_反馈,2025-02-28 02:07:16,0,192,20.1
_二期_供水泵房_5#加压泵__温度_通道6_反馈,2025-02-28 02:07:17,0,192,20.1
_二期_供水泵房_5#加压泵__温度_通道6_反馈,2025-02-28 02:07:18,0,192,20.1
_二期_供水泵房_5#加压泵__温度_通道6_反馈,2025-02-28 02:07:19,0,192,20.1
_二期_供水泵房_5#加压泵__温度_通道6_反馈,2025-02-28 02:07:20,0,192,20.1
_二期_供水泵房_5#加压泵__温度_通道6_反馈,2025-02-28 02:07:21,0,192,20.1
_二期_供水泵房_5#加压泵__温度_通道6_反馈,2025-02-28 02:07:22,0,192,20.1
_二期_供水泵房_5#加压泵__温度_通道6_反馈,2025-02-28 02:07:23,0,192,20.1
_二期_供水泵房_5#加压泵__温度_通道6_反馈,2025-02-28 02:07:24,0,192,20.1
_二期_供水泵房_5#加压泵__温度_通道6_反馈,2025-02-28 02:07:25,0,192,20.1
_二期_供水泵房_5#加压泵__温度_通道6_反馈,2025-02-28 02:07:26,0,192,20.1
_二期_供水泵房_5#加压泵__温度_通道6_反馈,2025-02-28 02:07:27,0,192,20.1
_二期_供水泵房_5#加压泵__温度_通道6_反馈,2025-02-28 02:07:28,0,192,20.1
_二期_供水泵房_5#加压泵__温度_通道6_反馈,2025-02-28 02:07:29,0,192,20.1
_二期_供水泵房_5#加压泵__温度_通道6_反馈,2025-02-28 02:07:30,0,192,20.1
_二期_供水泵房_5#加压泵__温度_通道6_反馈,2025-02-28 02:07:31,0,192,20.1
_二期_供水泵房_5#加压泵__温度_通道6_反馈,2025-02-28 02:07:32,0,192,20.1
_二期_供水泵房_5#加压泵__温度_通道6_反馈,2025-02-28 02:07:33,0,192,20.1
_二期_供水泵房_5#加压泵__温度_通道6_反馈,2025-02-28 02:07:34,0,192,20.1
_二期_供水泵房_5#加压泵__温度_通道6_反馈,2025-02-28 02:07:35,0,192,20.1
_二期_供水泵房_5#加压泵__温度_通道6_反馈,2025-02-28 02:07:36,0,192,20.1
_二期_供水泵房_5#加压泵__温度_通道6_反馈,2025-02-28 02:07:37,0,192,20.1
_二期_供水泵房_5#加压泵__温度_通道6_反馈,2025-02-28 02:07:38,0,192,20.1
_二期_供水泵房_5#加压泵__温度_通道6_反馈,2025-02-28 02:07:39,0,192,20.1
_二期_供水泵房_5#加压泵__温度_通道6_反馈,2025-02-28 02:07:40,0,192,20.1
_二期_供水泵房_5#加压泵__温度_通道6_反馈,2025-02-28 02:07:41,0,192,20.1
_二期_供水泵房_5#加压泵__温度_通道6_反馈,2025-02-28 02:07:42,0,192,20.1
_二期_供水泵房_5#加压泵__温度_通道6_反馈,2025-02-28 02:07:43,0,192,20.1
_二期_供水泵房_5#加压泵__温度_通道6_反馈,2025-02-28 02:07:44,0,192,20.1
_二期_供水泵房_5#加压泵__温度_通道6_反馈,2025-02-28 02:07:45,0,192,20.1
_二期_供水泵房_5#加压泵__温度_通道6_反馈,2025-02-28 02:07:46,0,192,20.1
_二期_供水泵房_5#加压泵__温度_通道6_反馈,2025-02-28 02:07:47,0,192,20.1
_二期_供水泵房_5#加压泵__温度_通道6_反馈,2025-02-28 02:07:48,0,192,20.1
_二期_供水泵房_5#加压泵__温度_通道6_反馈,2025-02-28 02:07:49,0,192,20.1
_二期_供水泵房_5#加压泵__温度_通道6_反馈,2025-02-28 02:07:50,0,192,20.1
_二期_供水泵房_5#加压泵__温度_通道6_反馈,2025-02-28 02:07:51,0,192,20.1
_二期_供水泵房_5#加压泵__温度_通道6_反馈,2025-02-28 02:07:52,0,192,20.1
_二期_供水泵房_5#加压泵__温度_通道6_反馈,2025-02-28 02:07:53,0,192,20.1
_二期_供水泵房_5#加压泵__温度_通道6_反馈,2025-02-28 02:07:54,0,192,20.1
_二期_供水泵房_5#加压泵__温度_通道6_反馈,2025-02-28 02:07:55,0,192,20.1
_二期_供水泵房_5#加压泵__温度_通道6_反馈,2025-02-28 02:07:56,0,192,20.1
_二期_供水泵房_5#加压泵__温度_通道6_反馈,2025-02-28 02:07:57,0,192,20.1
_二期_供水泵房_5#加压泵__温度_通道6_反馈,2025-02-28 02:07:58,0,192,20.1
_二期_供水泵房_5#加压泵__温度_通道6_反馈,2025-02-28 02:07:59,0,192,20.1
_二期_供水泵房_5#加压泵__温度_通道6_反馈,2025-02-28 02:08:00,0,192,20.1
_二期_供水泵房_5#加压泵__温度_通道6_反馈,2025-02-28 02:08:01,0,192,20.1
_二期_供水泵房_5#加压泵__温度_通道6_反馈,2025-02-28 02:08:02,0,192,20.1
_二期_供水泵房_5#加压泵__温度_通道6_反馈,2025-02-28 02:08:03,0,192,20.1
_二期_供水泵房_5#加压泵__温度_通道6_反馈,2025-02-28 02:08:04,0,192,20.1
_二期_供水泵房_5#加压泵__温度_通道6_反馈,2025-02-28 02:08:05,0,192,20.1
_二期_供水泵房_5#加压泵__温度_通道6_反馈,2025-02-28 02:08:06,0,192,20.1
_二期_供水泵房_5#加压泵__温度_通道6_反馈,2025-02-28 02:08:07,0,192,20.1
_二期_供水泵房_5#加压泵__温度_通道6_反馈,2025-02-28 02:08:08,0,192,20.1
_二期_供水泵房_5#加压泵__温度_通道6_反馈,2025-02-28 02:08:09,0,192,20.1
_二期_供水泵房_5#加压泵__温度_通道6_反馈,2025-02-28 02:08:10,0,192,20.1
_二期_供水泵房_5#加压泵__温度_通道6_反馈,2025-02-28 02:08:11,0,192,20.1
_二期_供水泵房_5#加压泵__温度_通道6_反馈,2025-02-28 02:08:12,0,192,20.1
_二期_供水泵房_5#加压泵__温度_通道6_反馈,2025-02-28 02:08:13,0,192,20.1
_二期_供水泵房_5#加压泵__温度_通道6_反馈,2025-02-28 02:08:14,0,192,20.1
_二期_供水泵房_5#加压泵__温度_通道6_反馈,2025-02-28 02:08:15,0,192,20.1
_二期_供水泵房_5#加压泵__温度_通道6_反馈,2025-02-28 02:08:16,0,192,20.1
_二期_供水泵房_5#加压泵__温度_通道6_反馈,2025-02-28 02:08:17,0,192,20.1
_二期_供水泵房_5#加压泵__温度_通道6_反馈,2025-02-28 02:08:18,0,192,20.1
_二期_供水泵房_5#加压泵__温度_通道6_反馈,2025-02-28 02:08:19,0,192,20.1
_二期_供水泵房_5#加压泵__温度_通道6_反馈,2025-02-28 02:08:20,0,192,20.1
_二期_供水泵房_5#加压泵__温度_通道6_反馈,2025-02-28 02:08:21,0,192,20.1
_二期_供水泵房_5#加压泵__温度_通道6_反馈,2025-02-28 02:08:22,0,192,20.1
_二期_供水泵房_5#加压泵__温度_通道6_反馈,2025-02-28 02:08:23,0,192,20.1
_二期_供水泵房_5#加压泵__温度_通道6_反馈,2025-02-28 02:08:24,0,192,20.1
_二期_供水泵房_5#加压泵__温度_通道6_反馈,2025-02-28 02:08:25,0,192,20.1
_二期_供水泵房_5#加压泵__温度_通道6_反馈,2025-02-28 02:08:26,0,192,20.1
_二期_供水泵房_5#加压泵__温度_通道6_反馈,2025-02-28 02:08:27,0,192,20.1
_二期_供水泵房_5#加压泵__温度_通道6_反馈,2025-02-28 02:08:28,0,192,20.1
_二期_供水泵房_5#加压泵__温度_通道6_反馈,2025-02-28 02:08:29,0,192,20.1
_二期_供水泵房_5#加压泵__温度_通道6_反馈,2025-02-28 02:08:30,0,192,20.1
_二期_供水泵房_5#加压泵__温度_通道6_反馈,2025-02-28 02:08:31,0,192,20.1
_二期_供水泵房_5#加压泵__温度_通道6_反馈,2025-02-28 02:08:32,0,192,20.1
_二期_供水泵房_5#加压泵__温度_通道6_反馈,2025-02-28 02:08:33,0,192,20.1
_二期_供水泵房_5#加压泵__温度_通道6_反馈,2025-02-28 02:08:34,0,192,20.1
_二期_供水泵房_5#加压泵__温度_通道6_反馈,2025-02-28 02:08:35,0,192,20.1
_二期_供水泵房_5#加压泵__温度_通道6_反馈,2025-02-28 02:08:36,0,192,20.1
_二期_供水泵房_5#加压泵__温度_通道6_反馈,2025-02-28 02:08:37,0,192,20.1
_二期_供水泵房_5#加压泵__温度_通道6_反馈,2025-02-28 02:08:38,0,192,20.1
_二期_供水泵房_5#加压泵__温度_通道6_反馈,2025-02-28 02:08:39,0,192,20.1
_二期_供水泵房_5#加压泵__温度_通道6_反馈,2025-02-28 02:08:40,0,192,20.1
_二期_供水泵房_5#加压泵__温度_通道6_反馈,2025-02-28 02:08:41,0,192,20.1
_二期_供水泵房_5#加压泵__温度_通道6_反馈,2025-02-28 02:08:42,0,192,20.1
_二期_供水泵房_5#加压泵__温度_通道6_反馈,2025-02-28 02:08:43,0,192,20.1
_二期_供水泵房_5#加压泵__温度_通道6_反馈,2025-02-28 02:08:44,0,192,20.1
_二期_供水泵房_5#加压泵__温度_通道6_反馈,2025-02-28 02:08:45,0,192,20.1
_二期_供水泵房_5#加压泵__温度_通道6_反馈,2025-02-28 02:08:46,0,192,20.1
_二期_供水泵房_5#加压泵__温度_通道6_反馈,2025-02-28 02:08:47,0,192,20.1
_二期_供水泵房_5#加压泵__温度_通道6_反馈,2025-02-28 02:08:48,0,192,20.1
_二期_供水泵房_5#加压泵__温度_通道6_反馈,2025-02-28 02:08:49,0,192,20.1
_二期_供水泵房_5#加压泵__温度_通道6_反馈,2025-02-28 02:08:50,0,192,20.1
_二期_供水泵房_5#加压泵__温度_通道6_反馈,2025-02-28 02:08:51,0,192,20.1
_二期_供水泵房_5#加压泵__温度_通道6_反馈,2025-02-28 02:08:52,0,192,20.1
_二期_供水泵房_5#加压泵__温度_通道6_反馈,2025-02-28 02:08:53,0,192,20.1
_二期_供水泵房_5#加压泵__温度_通道6_反馈,2025-02-28 02:08:54,0,192,20.1
_二期_供水泵房_5#加压泵__温度_通道6_反馈,2025-02-28 02:08:55,0,192,20.1
_二期_供水泵房_5#加压泵__温度_通道6_反馈,2025-02-28 02:08:56,0,192,20.1
_二期_供水泵房_5#加压泵__温度_通道6_反馈,2025-02-28 02:08:57,0,192,20.1
_二期_供水泵房_5#加压泵__温度_通道6_反馈,2025-02-28 02:08:58,0,192,20.1
_二期_供水泵房_5#加压泵__温度_通道6_反馈,2025-02-28 02:08:59,0,192,20.1
_二期_供水泵房_5#加压泵__温度_通道6_反馈,2025-02-28 02:09:00,0,192,20.1
_二期_供水泵房_5#加压泵__温度_通道6_反馈,2025-02-28 02:09:01,0,192,20.1
_二期_供水泵房_5#加压泵__温度_通道6_反馈,2025-02-28 02:09:02,0,192,20.1
_二期_供水泵房_5#加压泵__温度_通道6_反馈,2025-02-28 02:09:03,0,192,20.1
_二期_供水泵房_5#加压泵__温度_通道6_反馈,2025-02-28 02:09:04,0,192,20.1
_二期_供水泵房_5#加压泵__温度_通道6_反馈,2025-02-28 02:09:05,0,192,20.1
_二期_供水泵房_5#加压泵__温度_通道6_反馈,2025-02-28 02:09:06,0,192,20.1
_二期_供水泵房_5#加压泵__温度_通道6_反馈,2025-02-28 02:09:07,0,192,20.1
_二期_供水泵房_5#加压泵__温度_通道6_反馈,2025-02-28 02:09:08,0,192,20.1
_二期_供水泵房_5#加压泵__温度_通道6_反馈,2025-02-28 02:09:09,0,192,20.1
_二期_供水泵房_5#加压泵__温度_通道6_反馈,2025-02-28 02:09:10,0,192,20.1
_二期_供水泵房_5#加压泵__温度_通道6_反馈,2025-02-28 02:09:11,0,192,20.1
_二期_供水泵房_5#加压泵__温度_通道6_反馈,2025-02-28 02:09:12,0,192,20.1
_二期_供水泵房_5#加压泵__温度_通道6_反馈,2025-02-28 02:09:13,0,192,20.1
_二期_供水泵房_5#加压泵__温度_通道6_反馈,2025-02-28 02:09:14,0,192,20.1
_二期_供水泵房_5#加压泵__温度_通道6_反馈,2025-02-28 02:09:15,0,192,20.1
_二期_供水泵房_5#加压泵__温度_通道6_反馈,2025-02-28 02:09:16,0,192,20.1
_二期_供水泵房_5#加压泵__温度_通道6_反馈,2025-02-28 02:09:17,0,192,20.1
_二期_供水泵房_5#加压泵__温度_通道6_反馈,2025-02-28 02:09:18,0,192,20.1
_二期_供水泵房_5#加压泵__温度_通道6_反馈,2025-02-28 02:09:19,0,192,20.1
_二期_供水泵房_5#加压泵__温度_通道6_反馈,2025-02-28 02:09:20,0,192,20.1
_二期_供水泵房_5#加压泵__温度_通道6_反馈,2025-02-28 02:09:21,0,192,20.1
_二期_供水泵房_5#加压泵__温度_通道6_反馈,2025-02-28 02:09:22,0,192,20.1
_二期_供水泵房_5#加压泵__温度_通道6_反馈,2025-02-28 02:09:23,0,192,20.1
_二期_供水泵房_5#加压泵__温度_通道6_反馈,2025-02-28 02:09:24,0,192,20.1
_二期_供水泵房_5#加压泵__温度_通道6_反馈,2025-02-28 02:09:25,0,192,20.1
_二期_供水泵房_5#加压泵__温度_通道6_反馈,2025-02-28 02:09:26,0,192,20.1
_二期_供水泵房_5#加压泵__温度_通道6_反馈,2025-02-28 02:09:27,0,192,20.1
_二期_供水泵房_5#加压泵__温度_通道6_反馈,2025-02-28 02:09:28,0,192,20.1
_二期_供水泵房_5#加压泵__温度_通道6_反馈,2025-02-28 02:09:29,0,192,20.1
_二期_供水泵房_5#加压泵__温度_通道6_反馈,2025-02-28 02:09:30,0,192,20.1
_二期_供水泵房_5#加压泵__温度_通道6_反馈,2025-02-28 02:09:31,0,192,20.1
_二期_供水泵房_5#加压泵__温度_通道6_反馈,2025-02-28 02:09:32,0,192,20.1
_二期_供水泵房_5#加压泵__温度_通道6_反馈,2025-02-28 02:09:33,0,192,20.1
_二期_供水泵房_5#加压泵__温度_通道6_反馈,2025-02-28 02:09:34,0,192,20.1
_二期_供水泵房_5#加压泵__温度_通道6_反馈,2025-02-28 02:09:35,0,192,20.1
_二期_供水泵房_5#加压泵__温度_通道6_反馈,2025-02-28 02:09:36,0,192,20.1
_二期_供水泵房_5#加压泵__温度_通道6_反馈,2025-02-28 02:09:37,0,192,20.1
_二期_供水泵房_5#加压泵__温度_通道6_反馈,2025-02-28 02:09:38,0,192,20.1
_二期_供水泵房_5#加压泵__温度_通道6_反馈,2025-02-28 02:09:39,0,192,20.1
_二期_供水泵房_5#加压泵__温度_通道6_反馈,2025-02-28 02:09:40,0,192,20.1
_二期_供水泵房_5#加压泵__温度_通道6_反馈,2025-02-28 02:09:41,0,192,20.1
_二期_供水泵房_5#加压泵__温度_通道6_反馈,2025-02-28 02:09:42,0,192,20.1
_二期_供水泵房_5#加压泵__温度_通道6_反馈,2025-02-28 02:09:43,0,192,20.1
_二期_供水泵房_5#加压泵__温度_通道6_反馈,2025-02-28 02:09:44,0,192,20.1
_二期_供水泵房_5#加压泵__温度_通道6_反馈,2025-02-28 02:09:45,0,192,20.1
_二期_供水泵房_5#加压泵__温度_通道6_反馈,2025-02-28 02:09:46,0,192,20.1
_二期_供水泵房_5#加压泵__温度_通道6_反馈,2025-02-28 02:09:47,0,192,20.1
_二期_供水泵房_5#加压泵__温度_通道6_反馈,2025-02-28 02:09:48,0,192,20.1
_二期_供水泵房_5#加压泵__温度_通道6_反馈,2025-02-28 02:09:49,0,192,20.1
_二期_供水泵房_5#加压泵__温度_通道6_反馈,2025-02-28 02:09:50,0,192,20.1
_二期_供水泵房_5#加压泵__温度_通道6_反馈,2025-02-28 02:09:51,0,192,20.1
_二期_供水泵房_5#加压泵__温度_通道6_反馈,2025-02-28 02:09:52,0,192,20.1
_二期_供水泵房_5#加压泵__温度_通道6_反馈,2025-02-28 02:09:53,0,192,20.1
_二期_供水泵房_5#加压泵__温度_通道6_反馈,2025-02-28 02:09:54,0,192,20.1
_二期_供水泵房_5#加压泵__温度_通道6_反馈,2025-02-28 02:09:55,0,192,20.1
_二期_供水泵房_5#加压泵__温度_通道6_反馈,2025-02-28 02:09:56,0,192,20.1
_二期_供水泵房_5#加压泵__温度_通道6_反馈,2025-02-28 02:09:57,0,192,20.1
_二期_供水泵房_5#加压泵__温度_通道6_反馈,2025-02-28 02:09:58,0,192,20.1
_二期_供水泵房_5#加压泵__温度_通道6_反馈,2025-02-28 02:09:59,0,192,20.1
_二期_供水泵房_5#加压泵__温度_通道6_反馈,2025-02-28 02:10:00,0,192,20.1
_二期_供水泵房_5#加压泵__温度_通道6_反馈,2025-02-28 02:10:01,0,192,20.1
_二期_供水泵房_5#加压泵__温度_通道6_反馈,2025-02-28 02:10:02,0,192,20.1
_二期_供水泵房_5#加压泵__温度_通道6_反馈,2025-02-28 02:10:03,0,192,20.1
_二期_供水泵房_5#加压泵__温度_通道6_反馈,2025-02-28 02:10:04,0,192,20.1
_二期_供水泵房_5#加压泵__温度_通道6_反馈,2025-02-28 02:10:05,0,192,20.1
_二期_供水泵房_5#加压泵__温度_通道6_反馈,2025-02-28 02:10:06,0,192,20.1
_二期_供水泵房_5#加压泵__温度_通道6_反馈,2025-02-28 02:10:07,0,192,20.1
_二期_供水泵房_5#加压泵__温度_通道6_反馈,2025-02-28 02:10:08,0,192,20.1
_二期_供水泵房_5#加压泵__温度_通道6_反馈,2025-02-28 02:10:09,0,192,20.1
_二期_供水泵房_5#加压泵__温度_通道6_反馈,2025-02-28 02:10:10,0,192,20.1
_二期_供水泵房_5#加压泵__温度_通道6_反馈,2025-02-28 02:10:11,0,192,20.1
_二期_供水泵房_5#加压泵__温度_通道6_反馈,2025-02-28 02:10:12,0,192,20.1
_二期_供水泵房_5#加压泵__温度_通道6_反馈,2025-02-28 02:10:13,0,192,20.1
_二期_供水泵房_5#加压泵__温度_通道6_反馈,2025-02-28 02:10:14,0,192,20.1
_二期_供水泵房_5#加压泵__温度_通道6_反馈,2025-02-28 02:10:15,0,192,20.1
_二期_供水泵房_5#加压泵__温度_通道6_反馈,2025-02-28 02:10:16,0,192,20.1
_二期_供水泵房_5#加压泵__温度_通道6_反馈,2025-02-28 02:10:17,0,192,20.1
_二期_供水泵房_5#加压泵__温度_通道6_反馈,2025-02-28 02:10:18,0,192,20.1
_二期_供水泵房_5#加压泵__温度_通道6_反馈,2025-02-28 02:10:19,0,192,20.1
_二期_供水泵房_5#加压泵__温度_通道6_反馈,2025-02-28 02:10:20,0,192,20.1
_二期_供水泵房_5#加压泵__温度_通道6_反馈,2025-02-28 02:10:21,0,192,20.1
_二期_供水泵房_5#加压泵__温度_通道6_反馈,2025-02-28 02:10:22,0,192,20.1
_二期_供水泵房_5#加压泵__温度_通道6_反馈,2025-02-28 02:10:23,0,192,20.1
_二期_供水泵房_5#加压泵__温度_通道6_反馈,2025-02-28 02:10:24,0,192,20.1
_二期_供水泵房_5#加压泵__温度_通道6_反馈,2025-02-28 02:10:25,0,192,20.1
_二期_供水泵房_5#加压泵__温度_通道6_反馈,2025-02-28 02:10:26,0,192,20.1
_二期_供水泵房_5#加压泵__温度_通道6_反馈,2025-02-28 02:10:27,0,192,20.1
_二期_供水泵房_5#加压泵__温度_通道6_反馈,2025-02-28 02:10:28,0,192,20.1
_二期_供水泵房_5#加压泵__温度_通道6_反馈,2025-02-28 02:10:29,0,192,20.1
_二期_供水泵房_5#加压泵__温度_通道6_反馈,2025-02-28 02:10:30,0,192,20.1
_二期_供水泵房_5#加压泵__温度_通道6_反馈,2025-02-28 02:10:31,0,192,20.1
_二期_供水泵房_5#加压泵__温度_通道6_反馈,2025-02-28 02:10:32,0,192,20.1
_二期_供水泵房_5#加压泵__温度_通道6_反馈,2025-02-28 02:10:33,0,192,20.1
_二期_供水泵房_5#加压泵__温度_通道6_反馈,2025-02-28 02:10:34,0,192,20.1
_二期_供水泵房_5#加压泵__温度_通道6_反馈,2025-02-28 02:10:35,0,192,20.1
_二期_供水泵房_5#加压泵__温度_通道6_反馈,2025-02-28 02:10:36,0,192,20.1
_二期_供水泵房_5#加压泵__温度_通道6_反馈,2025-02-28 02:10:37,0,192,20.1
_二期_供水泵房_5#加压泵__温度_通道6_反馈,2025-02-28 02:10:38,0,192,20.1
_二期_供水泵房_5#加压泵__温度_通道6_反馈,2025-02-28 02:10:39,0,192,20.1
_二期_供水泵房_5#加压泵__温度_通道6_反馈,2025-02-28 02:10:40,0,192,20.1
_二期_供水泵房_5#加压泵__温度_通道6_反馈,2025-02-28 02:10:41,0,192,20.1
_二期_供水泵房_5#加压泵__温度_通道6_反馈,2025-02-28 02:10:42,0,192,20.1
_二期_供水泵房_5#加压泵__温度_通道6_反馈,2025-02-28 02:10:43,0,192,20.1
_二期_供水泵房_5#加压泵__温度_通道6_反馈,2025-02-28 02:10:44,0,192,20.1
_二期_供水泵房_5#加压泵__温度_通道6_反馈,2025-02-28 02:10:45,0,192,20.1
_二期_供水泵房_5#加压泵__温度_通道6_反馈,2025-02-28 02:10:46,0,192,20.1
_二期_供水泵房_5#加压泵__温度_通道6_反馈,2025-02-28 02:10:47,0,192,20.1
_二期_供水泵房_5#加压泵__温度_通道6_反馈,2025-02-28 02:10:48,0,192,20.1
_二期_供水泵房_5#加压泵__温度_通道6_反馈,2025-02-28 02:10:49,0,192,20.1
_二期_供水泵房_5#加压泵__温度_通道6_反馈,2025-02-28 02:10:50,0,192,20.1
_二期_供水泵房_5#加压泵__温度_通道6_反馈,2025-02-28 02:10:51,0,192,20.1
_二期_供水泵房_5#加压泵__温度_通道6_反馈,2025-02-28 02:10:52,0,192,20.1
_二期_供水泵房_5#加压泵__温度_通道6_反馈,2025-02-28 02:10:53,0,192,20.1
_二期_供水泵房_5#加压泵__温度_通道6_反馈,2025-02-28 02:10:54,0,192,20.1
_二期_供水泵房_5#加压泵__温度_通道6_反馈,2025-02-28 02:10:55,0,192,20.1
_二期_供水泵房_5#加压泵__温度_通道6_反馈,2025-02-28 02:10:56,0,192,20.1
_二期_供水泵房_5#加压泵__温度_通道6_反馈,2025-02-28 02:10:57,0,192,20.1
_二期_供水泵房_5#加压泵__温度_通道6_反馈,2025-02-28 02:10:58,0,192,20.1
_二期_供水泵房_5#加压泵__温度_通道6_反馈,2025-02-28 02:10:59,0,192,20.1
_二期_供水泵房_5#加压泵__温度_通道6_反馈,2025-02-28 02:11:00,0,192,20.1
_二期_供水泵房_5#加压泵__温度_通道6_反馈,2025-02-28 02:11:01,0,192,20.1
_二期_供水泵房_5#加压泵__温度_通道6_反馈,2025-02-28 02:11:02,0,192,20.1
_二期_供水泵房_5#加压泵__温度_通道6_反馈,2025-02-28 02:11:03,0,192,20.1
_二期_供水泵房_5#加压泵__温度_通道6_反馈,2025-02-28 02:11:04,0,192,20.1
_二期_供水泵房_5#加压泵__温度_通道6_反馈,2025-02-28 02:11:05,0,192,20.1
_二期_供水泵房_5#加压泵__温度_通道6_反馈,2025-02-28 02:11:06,0,192,20.1
_二期_供水泵房_5#加压泵__温度_通道6_反馈,2025-02-28 02:11:07,0,192,20.1
_二期_供水泵房_5#加压泵__温度_通道6_反馈,2025-02-28 02:11:08,0,192,20.1
_二期_供水泵房_5#加压泵__温度_通道6_反馈,2025-02-28 02:11:09,0,192,20.1
_二期_供水泵房_5#加压泵__温度_通道6_反馈,2025-02-28 02:11:10,0,192,20.1
_二期_供水泵房_5#加压泵__温度_通道6_反馈,2025-02-28 02:11:11,0,192,20.1
_二期_供水泵房_5#加压泵__温度_通道6_反馈,2025-02-28 02:11:12,0,192,20.1
_二期_供水泵房_5#加压泵__温度_通道6_反馈,2025-02-28 02:11:13,0,192,20.1
_二期_供水泵房_5#加压泵__温度_通道6_反馈,2025-02-28 02:11:14,0,192,20.1
_二期_供水泵房_5#加压泵__温度_通道6_反馈,2025-02-28 02:11:15,0,192,20.1
_二期_供水泵房_5#加压泵__温度_通道6_反馈,2025-02-28 02:11:16,0,192,20.1
_二期_供水泵房_5#加压泵__温度_通道6_反馈,2025-02-28 02:11:17,0,192,20.1
_二期_供水泵房_5#加压泵__温度_通道6_反馈,2025-02-28 02:11:18,0,192,20.1
_二期_供水泵房_5#加压泵__温度_通道6_反馈,2025-02-28 02:11:19,0,192,20.1
_二期_供水泵房_5#加压泵__温度_通道6_反馈,2025-02-28 02:11:20,0,192,20.1
_二期_供水泵房_5#加压泵__温度_通道6_反馈,2025-02-28 02:11:21,0,192,20.1
_二期_供水泵房_5#加压泵__温度_通道6_反馈,2025-02-28 02:11:22,0,192,20.1
_二期_供水泵房_5#加压泵__温度_通道6_反馈,2025-02-28 02:11:23,0,192,20.1
_二期_供水泵房_5#加压泵__温度_通道6_反馈,2025-02-28 02:11:24,0,192,20.1
_二期_供水泵房_5#加压泵__温度_通道6_反馈,2025-02-28 02:11:25,0,192,20.1
_二期_供水泵房_5#加压泵__温度_通道6_反馈,2025-02-28 02:11:26,0,192,20.1
_二期_供水泵房_5#加压泵__温度_通道6_反馈,2025-02-28 02:11:27,0,192,20.1
_二期_供水泵房_5#加压泵__温度_通道6_反馈,2025-02-28 02:11:28,0,192,20.1
_二期_供水泵房_5#加压泵__温度_通道6_反馈,2025-02-28 02:11:29,0,192,20.1
_二期_供水泵房_5#加压泵__温度_通道6_反馈,2025-02-28 02:11:30,0,192,20.1
_二期_供水泵房_5#加压泵__温度_通道6_反馈,2025-02-28 02:11:31,0,192,20.1
_二期_供水泵房_5#加压泵__温度_通道6_反馈,2025-02-28 02:11:32,0,192,20.1
_二期_供水泵房_5#加压泵__温度_通道6_反馈,2025-02-28 02:11:33,0,192,20.1
_二期_供水泵房_5#加压泵__温度_通道6_反馈,2025-02-28 02:11:34,0,192,20.1
_二期_供水泵房_5#加压泵__温度_通道6_反馈,2025-02-28 02:11:35,0,192,20.1
_二期_供水泵房_5#加压泵__温度_通道6_反馈,2025-02-28 02:11:36,0,192,20.1
_二期_供水泵房_5#加压泵__温度_通道6_反馈,2025-02-28 02:11:37,0,192,20.1
_二期_供水泵房_5#加压泵__温度_通道6_反馈,2025-02-28 02:11:38,0,192,20.1
_二期_供水泵房_5#加压泵__温度_通道6_反馈,2025-02-28 02:11:39,0,192,20.1
_二期_供水泵房_5#加压泵__温度_通道6_反馈,2025-02-28 02:11:40,0,192,20.1
_二期_供水泵房_5#加压泵__温度_通道6_反馈,2025-02-28 02:11:41,0,192,20.1
_二期_供水泵房_5#加压泵__温度_通道6_反馈,2025-02-28 02:11:42,0,192,20.1
_二期_供水泵房_5#加压泵__温度_通道6_反馈,2025-02-28 02:11:43,0,192,20.1
_二期_供水泵房_5#加压泵__温度_通道6_反馈,2025-02-28 02:11:44,0,192,20.1
_二期_供水泵房_5#加压泵__温度_通道6_反馈,2025-02-28 02:11:45,0,192,20.1
_二期_供水泵房_5#加压泵__温度_通道6_反馈,2025-02-28 02:11:46,0,192,20.1
_二期_供水泵房_5#加压泵__温度_通道6_反馈,2025-02-28 02:11:47,0,192,20.1
_二期_供水泵房_5#加压泵__温度_通道6_反馈,2025-02-28 02:11:48,0,192,20.1
_二期_供水泵房_5#加压泵__温度_通道6_反馈,2025-02-28 02:11:49,0,192,20.1
_二期_供水泵房_5#加压泵__温度_通道6_反馈,2025-02-28 02:11:50,0,192,20.1
_二期_供水泵房_5#加压泵__温度_通道6_反馈,2025-02-28 02:11:51,0,192,20.1
_二期_供水泵房_5#加压泵__温度_通道6_反馈,2025-02-28 02:11:52,0,192,20.1
_二期_供水泵房_5#加压泵__温度_通道6_反馈,2025-02-28 02:11:53,0,192,20.1
_二期_供水泵房_5#加压泵__温度_通道6_反馈,2025-02-28 02:11:54,0,192,20.1
_二期_供水泵房_5#加压泵__温度_通道6_反馈,2025-02-28 02:11:55,0,192,20.1
_二期_供水泵房_5#加压泵__温度_通道6_反馈,2025-02-28 02:11:56,0,192,20.1
_二期_供水泵房_5#加压泵__温度_通道6_反馈,2025-02-28 02:11:57,0,192,20.1
_二期_供水泵房_5#加压泵__温度_通道6_反馈,2025-02-28 02:11:58,0,192,20.1
_二期_供水泵房_5#加压泵__温度_通道6_反馈,2025-02-28 02:11:59,0,192,20.1
_二期_供水泵房_5#加压泵__温度_通道6_反馈,2025-02-28 02:12:00,0,192,20.1
_二期_供水泵房_5#加压泵__温度_通道6_反馈,2025-02-28 02:12:01,0,192,20.1
_二期_供水泵房_5#加压泵__温度_通道6_反馈,2025-02-28 02:12:02,0,192,20.1
_二期_供水泵房_5#加压泵__温度_通道6_反馈,2025-02-28 02:12:03,0,192,20.1
_二期_供水泵房_5#加压泵__温度_通道6_反馈,2025-02-28 02:12:04,0,192,20.1
_二期_供水泵房_5#加压泵__温度_通道6_反馈,2025-02-28 02:12:05,0,192,20.1
_二期_供水泵房_5#加压泵__温度_通道6_反馈,2025-02-28 02:12:06,0,192,20.1
_二期_供水泵房_5#加压泵__温度_通道6_反馈,2025-02-28 02:12:07,0,192,20.1
_二期_供水泵房_5#加压泵__温度_通道6_反馈,2025-02-28 02:12:08,0,192,20.1
_二期_供水泵房_5#加压泵__温度_通道6_反馈,2025-02-28 02:12:09,0,192,20.1
_二期_供水泵房_5#加压泵__温度_通道6_反馈,2025-02-28 02:12:10,0,192,20.1
_二期_供水泵房_5#加压泵__温度_通道6_反馈,2025-02-28 02:12:11,0,192,20.1
_二期_供水泵房_5#加压泵__温度_通道6_反馈,2025-02-28 02:12:12,0,192,20.1
_二期_供水泵房_5#加压泵__温度_通道6_反馈,2025-02-28 02:12:13,0,192,20.1
_二期_供水泵房_5#加压泵__温度_通道6_反馈,2025-02-28 02:12:14,0,192,20.1
_二期_供水泵房_5#加压泵__温度_通道6_反馈,2025-02-28 02:12:15,0,192,20.1
_二期_供水泵房_5#加压泵__温度_通道6_反馈,2025-02-28 02:12:16,0,192,20.1
_二期_供水泵房_5#加压泵__温度_通道6_反馈,2025-02-28 02:12:17,0,192,20.1
_二期_供水泵房_5#加压泵__温度_通道6_反馈,2025-02-28 02:12:18,0,192,20.1
_二期_供水泵房_5#加压泵__温度_通道6_反馈,2025-02-28 02:12:19,0,192,20.1
_二期_供水泵房_5#加压泵__温度_通道6_反馈,2025-02-28 02:12:20,0,192,20.1
_二期_供水泵房_5#加压泵__温度_通道6_反馈,2025-02-28 02:12:21,0,192,20.1
_二期_供水泵房_5#加压泵__温度_通道6_反馈,2025-02-28 02:12:22,0,192,20.1
_二期_供水泵房_5#加压泵__温度_通道6_反馈,2025-02-28 02:12:23,0,192,20.1
_二期_供水泵房_5#加压泵__温度_通道6_反馈,2025-02-28 02:12:24,0,192,20.1
_二期_供水泵房_5#加压泵__温度_通道6_反馈,2025-02-28 02:12:25,0,192,20.1
_二期_供水泵房_5#加压泵__温度_通道6_反馈,2025-02-28 02:12:26,0,192,20.1
_二期_供水泵房_5#加压泵__温度_通道6_反馈,2025-02-28 02:12:27,0,192,20.1
_二期_供水泵房_5#加压泵__温度_通道6_反馈,2025-02-28 02:12:28,0,192,20.1
_二期_供水泵房_5#加压泵__温度_通道6_反馈,2025-02-28 02:12:29,0,192,20.1
_二期_供水泵房_5#加压泵__温度_通道6_反馈,2025-02-28 02:12:30,0,192,20.1
_二期_供水泵房_5#加压泵__温度_通道6_反馈,2025-02-28 02:12:31,0,192,20.1
_二期_供水泵房_5#加压泵__温度_通道6_反馈,2025-02-28 02:12:32,0,192,20.1
_二期_供水泵房_5#加压泵__温度_通道6_反馈,2025-02-28 02:12:33,0,192,20.1
_二期_供水泵房_5#加压泵__温度_通道6_反馈,2025-02-28 02:12:34,0,192,20.1
_二期_供水泵房_5#加压泵__温度_通道6_反馈,2025-02-28 02:12:35,0,192,20.1
_二期_供水泵房_5#加压泵__温度_通道6_反馈,2025-02-28 02:12:36,0,192,20.1
_二期_供水泵房_5#加压泵__温度_通道6_反馈,2025-02-28 02:12:37,0,192,20.1
_二期_供水泵房_5#加压泵__温度_通道6_反馈,2025-02-28 02:12:38,0,192,20.1
_二期_供水泵房_5#加压泵__温度_通道6_反馈,2025-02-28 02:12:39,0,192,20.1
_二期_供水泵房_5#加压泵__温度_通道6_反馈,2025-02-28 02:12:40,0,192,20.1
_二期_供水泵房_5#加压泵__温度_通道6_反馈,2025-02-28 02:12:41,0,192,20.1
_二期_供水泵房_5#加压泵__温度_通道6_反馈,2025-02-28 02:12:42,0,192,20.1
_二期_供水泵房_5#加压泵__温度_通道6_反馈,2025-02-28 02:12:43,0,192,20.1
_二期_供水泵房_5#加压泵__温度_通道6_反馈,2025-02-28 02:12:44,0,192,20.1
_二期_供水泵房_5#加压泵__温度_通道6_反馈,2025-02-28 02:12:45,0,192,20.1
_二期_供水泵房_5#加压泵__温度_通道6_反馈,2025-02-28 02:12:46,0,192,20.1
_二期_供水泵房_5#加压泵__温度_通道6_反馈,2025-02-28 02:12:47,0,192,20.1
_二期_供水泵房_5#加压泵__温度_通道6_反馈,2025-02-28 02:12:48,0,192,20.1
_二期_供水泵房_5#加压泵__温度_通道6_反馈,2025-02-28 02:12:49,0,192,20.1
_二期_供水泵房_5#加压泵__温度_通道6_反馈,2025-02-28 02:12:50,0,192,20.1
_二期_供水泵房_5#加压泵__温度_通道6_反馈,2025-02-28 02:12:51,0,192,20.1
_二期_供水泵房_5#加压泵__温度_通道6_反馈,2025-02-28 02:12:52,0,192,20.1
_二期_供水泵房_5#加压泵__温度_通道6_反馈,2025-02-28 02:12:53,0,192,20.1
_二期_供水泵房_5#加压泵__温度_通道6_反馈,2025-02-28 02:12:54,0,192,20.1
_二期_供水泵房_5#加压泵__温度_通道6_反馈,2025-02-28 02:12:55,0,192,20.1
_二期_供水泵房_5#加压泵__温度_通道6_反馈,2025-02-28 02:12:56,0,192,20.1
_二期_供水泵房_5#加压泵__温度_通道6_反馈,2025-02-28 02:12:57,0,192,20.1
_二期_供水泵房_5#加压泵__温度_通道6_反馈,2025-02-28 02:12:58,0,192,20.1
_二期_供水泵房_5#加压泵__温度_通道6_反馈,2025-02-28 02:12:59,0,192,20.1
_二期_供水泵房_5#加压泵__温度_通道6_反馈,2025-02-28 02:13:00,0,192,20.1
_二期_供水泵房_5#加压泵__温度_通道6_反馈,2025-02-28 02:13:01,0,192,20.1
_二期_供水泵房_5#加压泵__温度_通道6_反馈,2025-02-28 02:13:02,0,192,20.1
_二期_供水泵房_5#加压泵__温度_通道6_反馈,2025-02-28 02:13:03,0,192,20.1
_二期_供水泵房_5#加压泵__温度_通道6_反馈,2025-02-28 02:13:04,0,192,20.1
_二期_供水泵房_5#加压泵__温度_通道6_反馈,2025-02-28 02:13:05,0,192,20.1
_二期_供水泵房_5#加压泵__温度_通道6_反馈,2025-02-28 02:13:06,0,192,20.1
_二期_供水泵房_5#加压泵__温度_通道6_反馈,2025-02-28 02:13:07,0,192,20.1
_二期_供水泵房_5#加压泵__温度_通道6_反馈,2025-02-28 02:13:08,0,192,20.1
_二期_供水泵房_5#加压泵__温度_通道6_反馈,2025-02-28 02:13:09,0,192,20.1
_二期_供水泵房_5#加压泵__温度_通道6_反馈,2025-02-28 02:13:10,0,192,20.1
_二期_供水泵房_5#加压泵__温度_通道6_反馈,2025-02-28 02:13:11,0,192,20.1
_二期_供水泵房_5#加压泵__温度_通道6_反馈,2025-02-28 02:13:12,0,192,20.1
_二期_供水泵房_5#加压泵__温度_通道6_反馈,2025-02-28 02:13:13,0,192,20.1
_二期_供水泵房_5#加压泵__温度_通道6_反馈,2025-02-28 02:13:14,0,192,20.1
_二期_供水泵房_5#加压泵__温度_通道6_反馈,2025-02-28 02:13:15,0,192,20.1
_二期_供水泵房_5#加压泵__温度_通道6_反馈,2025-02-28 02:13:16,0,192,20.1
_二期_供水泵房_5#加压泵__温度_通道6_反馈,2025-02-28 02:13:17,0,192,20.1
_二期_供水泵房_5#加压泵__温度_通道6_反馈,2025-02-28 02:13:18,0,192,20.1
_二期_供水泵房_5#加压泵__温度_通道6_反馈,2025-02-28 02:13:19,0,192,20.1
_二期_供水泵房_5#加压泵__温度_通道6_反馈,2025-02-28 02:13:20,0,192,20.1
_二期_供水泵房_5#加压泵__温度_通道6_反馈,2025-02-28 02:13:21,0,192,20.1
_二期_供水泵房_5#加压泵__温度_通道6_反馈,2025-02-28 02:13:22,0,192,20.1
_二期_供水泵房_5#加压泵__温度_通道6_反馈,2025-02-28 02:13:23,0,192,20.1
_二期_供水泵房_5#加压泵__温度_通道6_反馈,2025-02-28 02:13:24,0,192,20.1
_二期_供水泵房_5#加压泵__温度_通道6_反馈,2025-02-28 02:13:25,0,192,20.1
_二期_供水泵房_5#加压泵__温度_通道6_反馈,2025-02-28 02:13:26,0,192,20.1
_二期_供水泵房_5#加压泵__温度_通道6_反馈,2025-02-28 02:13:27,0,192,20.1
_二期_供水泵房_5#加压泵__温度_通道6_反馈,2025-02-28 02:13:28,0,192,20.1
_二期_供水泵房_5#加压泵__温度_通道6_反馈,2025-02-28 02:13:29,0,192,20.1
_二期_供水泵房_5#加压泵__温度_通道6_反馈,2025-02-28 02:13:30,0,192,20.1
_二期_供水泵房_5#加压泵__温度_通道6_反馈,2025-02-28 02:13:31,0,192,20.1
_二期_供水泵房_5#加压泵__温度_通道6_反馈,2025-02-28 02:13:32,0,192,20.1
_二期_供水泵房_5#加压泵__温度_通道6_反馈,2025-02-28 02:13:33,0,192,20.1
_二期_供水泵房_5#加压泵__温度_通道6_反馈,2025-02-28 02:13:34,0,192,20.1
_二期_供水泵房_5#加压泵__温度_通道6_反馈,2025-02-28 02:13:35,0,192,20.1
_二期_供水泵房_5#加压泵__温度_通道6_反馈,2025-02-28 02:13:36,0,192,20.1
_二期_供水泵房_5#加压泵__温度_通道6_反馈,2025-02-28 02:13:37,0,192,20.1
_二期_供水泵房_5#加压泵__温度_通道6_反馈,2025-02-28 02:13:38,0,192,20.1
_二期_供水泵房_5#加压泵__温度_通道6_反馈,2025-02-28 02:13:39,0,192,20.1
_二期_供水泵房_5#加压泵__温度_通道6_反馈,2025-02-28 02:13:40,0,192,20.1
_二期_供水泵房_5#加压泵__温度_通道6_反馈,2025-02-28 02:13:41,0,192,20.1
_二期_供水泵房_5#加压泵__温度_通道6_反馈,2025-02-28 02:13:42,0,192,20.1
_二期_供水泵房_5#加压泵__温度_通道6_反馈,2025-02-28 02:13:43,0,192,20.1
_二期_供水泵房_5#加压泵__温度_通道6_反馈,2025-02-28 02:13:44,0,192,20.1
_二期_供水泵房_5#加压泵__温度_通道6_反馈,2025-02-28 02:13:45,0,192,20.1
_二期_供水泵房_5#加压泵__温度_通道6_反馈,2025-02-28 02:13:46,0,192,20.1
_二期_供水泵房_5#加压泵__温度_通道6_反馈,2025-02-28 02:13:47,0,192,20.1
_二期_供水泵房_5#加压泵__温度_通道6_反馈,2025-02-28 02:13:48,0,192,20.1
_二期_供水泵房_5#加压泵__温度_通道6_反馈,2025-02-28 02:13:49,0,192,20.1
_二期_供水泵房_5#加压泵__温度_通道6_反馈,2025-02-28 02:13:50,0,192,20.1
_二期_供水泵房_5#加压泵__温度_通道6_反馈,2025-02-28 02:13:51,0,192,20.1
_二期_供水泵房_5#加压泵__温度_通道6_反馈,2025-02-28 02:13:52,0,192,20.1
_二期_供水泵房_5#加压泵__温度_通道6_反馈,2025-02-28 02:13:53,0,192,20.1
_二期_供水泵房_5#加压泵__温度_通道6_反馈,2025-02-28 02:13:54,0,192,20.1
_二期_供水泵房_5#加压泵__温度_通道6_反馈,2025-02-28 02:13:55,0,192,20.1
_二期_供水泵房_5#加压泵__温度_通道6_反馈,2025-02-28 02:13:56,0,192,20.1
_二期_供水泵房_5#加压泵__温度_通道6_反馈,2025-02-28 02:13:57,0,192,20.1
_二期_供水泵房_5#加压泵__温度_通道6_反馈,2025-02-28 02:13:58,0,192,20.1
_二期_供水泵房_5#加压泵__温度_通道6_反馈,2025-02-28 02:13:59,0,192,20.1
_二期_供水泵房_5#加压泵__温度_通道6_反馈,2025-02-28 02:14:00,0,192,20.1
_二期_供水泵房_5#加压泵__温度_通道6_反馈,2025-02-28 02:14:01,0,192,20.1
_二期_供水泵房_5#加压泵__温度_通道6_反馈,2025-02-28 02:14:02,0,192,20.1
_二期_供水泵房_5#加压泵__温度_通道6_反馈,2025-02-28 02:14:03,0,192,20.1
_二期_供水泵房_5#加压泵__温度_通道6_反馈,2025-02-28 02:14:04,0,192,20.1
_二期_供水泵房_5#加压泵__温度_通道6_反馈,2025-02-28 02:14:05,0,192,20.1
_二期_供水泵房_5#加压泵__温度_通道6_反馈,2025-02-28 02:14:06,0,192,20.1
_二期_供水泵房_5#加压泵__温度_通道6_反馈,2025-02-28 02:14:07,0,192,20.1
_二期_供水泵房_5#加压泵__温度_通道6_反馈,2025-02-28 02:14:08,0,192,20.1
_二期_供水泵房_5#加压泵__温度_通道6_反馈,2025-02-28 02:14:09,0,192,20.1
_二期_供水泵房_5#加压泵__温度_通道6_反馈,2025-02-28 02:14:10,0,192,20.1
_二期_供水泵房_5#加压泵__温度_通道6_反馈,2025-02-28 02:14:11,0,192,20.1
_二期_供水泵房_5#加压泵__温度_通道6_反馈,2025-02-28 02:14:12,0,192,20.1
_二期_供水泵房_5#加压泵__温度_通道6_反馈,2025-02-28 02:14:13,0,192,20.1
_二期_供水泵房_5#加压泵__温度_通道6_反馈,2025-02-28 02:14:14,0,192,20.1
_二期_供水泵房_5#加压泵__温度_通道6_反馈,2025-02-28 02:14:15,0,192,20.1
_二期_供水泵房_5#加压泵__温度_通道6_反馈,2025-02-28 02:14:16,0,192,20.1
_二期_供水泵房_5#加压泵__温度_通道6_反馈,2025-02-28 02:14:17,0,192,20.1
_二期_供水泵房_5#加压泵__温度_通道6_反馈,2025-02-28 02:14:18,0,192,20.1
_二期_供水泵房_5#加压泵__温度_通道6_反馈,2025-02-28 02:14:19,0,192,20.1
_二期_供水泵房_5#加压泵__温度_通道6_反馈,2025-02-28 02:14:20,0,192,20.1
_二期_供水泵房_5#加压泵__温度_通道6_反馈,2025-02-28 02:14:21,0,192,20.1
_二期_供水泵房_5#加压泵__温度_通道6_反馈,2025-02-28 02:14:22,0,192,20.1
_二期_供水泵房_5#加压泵__温度_通道6_反馈,2025-02-28 02:14:23,0,192,20.1
_二期_供水泵房_5#加压泵__温度_通道6_反馈,2025-02-28 02:14:24,0,192,20.1
_二期_供水泵房_5#加压泵__温度_通道6_反馈,2025-02-28 02:14:25,0,192,20.1
_二期_供水泵房_5#加压泵__温度_通道6_反馈,2025-02-28 02:14:26,0,192,20.1
_二期_供水泵房_5#加压泵__温度_通道6_反馈,2025-02-28 02:14:27,0,192,20.1
_二期_供水泵房_5#加压泵__温度_通道6_反馈,2025-02-28 02:14:28,0,192,20.1
_二期_供水泵房_5#加压泵__温度_通道6_反馈,2025-02-28 02:14:29,0,192,20.1
_二期_供水泵房_5#加压泵__温度_通道6_反馈,2025-02-28 02:14:30,0,192,20.1
_二期_供水泵房_5#加压泵__温度_通道6_反馈,2025-02-28 02:14:31,0,192,20.1
_二期_供水泵房_5#加压泵__温度_通道6_反馈,2025-02-28 02:14:32,0,192,20.1
_二期_供水泵房_5#加压泵__温度_通道6_反馈,2025-02-28 02:14:33,0,192,20.1
_二期_供水泵房_5#加压泵__温度_通道6_反馈,2025-02-28 02:14:34,0,192,20.1
_二期_供水泵房_5#加压泵__温度_通道6_反馈,2025-02-28 02:14:35,0,192,20.1
_二期_供水泵房_5#加压泵__温度_通道6_反馈,2025-02-28 02:14:36,0,192,20.1
_二期_供水泵房_5#加压泵__温度_通道6_反馈,2025-02-28 02:14:37,0,192,20.1
_二期_供水泵房_5#加压泵__温度_通道6_反馈,2025-02-28 02:14:38,0,192,20.1
_二期_供水泵房_5#加压泵__温度_通道6_反馈,2025-02-28 02:14:39,0,192,20.1
_二期_供水泵房_5#加压泵__温度_通道6_反馈,2025-02-28 02:14:40,0,192,20.1
_二期_供水泵房_5#加压泵__温度_通道6_反馈,2025-02-28 02:14:41,0,192,20.1
_二期_供水泵房_5#加压泵__温度_通道6_反馈,2025-02-28 02:14:42,0,192,20.1
_二期_供水泵房_5#加压泵__温度_通道6_反馈,2025-02-28 02:14:43,0,192,20.1
_二期_供水泵房_5#加压泵__温度_通道6_反馈,2025-02-28 02:14:44,0,192,20.1
_二期_供水泵房_5#加压泵__温度_通道6_反馈,2025-02-28 02:14:45,0,192,20.1
_二期_供水泵房_5#加压泵__温度_通道6_反馈,2025-02-28 02:14:46,0,192,20.1
_二期_供水泵房_5#加压泵__温度_通道6_反馈,2025-02-28 02:14:47,0,192,20.1
_二期_供水泵房_5#加压泵__温度_通道6_反馈,2025-02-28 02:14:48,0,192,20.1
_二期_供水泵房_5#加压泵__温度_通道6_反馈,2025-02-28 02:14:49,0,192,20.1
_二期_供水泵房_5#加压泵__温度_通道6_反馈,2025-02-28 02:14:50,0,192,20.1
_二期_供水泵房_5#加压泵__温度_通道6_反馈,2025-02-28 02:14:51,0,192,20.1
_二期_供水泵房_5#加压泵__温度_通道6_反馈,2025-02-28 02:14:52,0,192,20.1
_二期_供水泵房_5#加压泵__温度_通道6_反馈,2025-02-28 02:14:53,0,192,20.1
_二期_供水泵房_5#加压泵__温度_通道6_反馈,2025-02-28 02:14:54,0,192,20.1
_二期_供水泵房_5#加压泵__温度_通道6_反馈,2025-02-28 02:14:55,0,192,20.1
_二期_供水泵房_5#加压泵__温度_通道6_反馈,2025-02-28 02:14:56,0,192,20.1
_二期_供水泵房_5#加压泵__温度_通道6_反馈,2025-02-28 02:14:57,0,192,20.1
_二期_供水泵房_5#加压泵__温度_通道6_反馈,2025-02-28 02:14:58,0,192,20.1
_二期_供水泵房_5#加压泵__温度_通道6_反馈,2025-02-28 02:14:59,0,192,20.1
_二期_供水泵房_5#加压泵__温度_通道6_反馈,2025-02-28 02:15:00,0,192,20.1
_二期_供水泵房_5#加压泵__温度_通道6_反馈,2025-02-28 02:15:01,0,192,20.1
_二期_供水泵房_5#加压泵__温度_通道6_反馈,2025-02-28 02:15:02,0,192,20.1
_二期_供水泵房_5#加压泵__温度_通道6_反馈,2025-02-28 02:15:03,0,192,20.1
_二期_供水泵房_5#加压泵__温度_通道6_反馈,2025-02-28 02:15:04,0,192,20.1
_二期_供水泵房_5#加压泵__温度_通道6_反馈,2025-02-28 02:15:05,0,192,20.1
_二期_供水泵房_5#加压泵__温度_通道6_反馈,2025-02-28 02:15:06,0,192,20.1
_二期_供水泵房_5#加压泵__温度_通道6_反馈,2025-02-28 02:15:07,0,192,20.1
_二期_供水泵房_5#加压泵__温度_通道6_反馈,2025-02-28 02:15:08,0,192,20.1
_二期_供水泵房_5#加压泵__温度_通道6_反馈,2025-02-28 02:15:09,0,192,20.1
_二期_供水泵房_5#加压泵__温度_通道6_反馈,2025-02-28 02:15:10,0,192,20.1
_二期_供水泵房_5#加压泵__温度_通道6_反馈,2025-02-28 02:15:11,0,192,20.1
_二期_供水泵房_5#加压泵__温度_通道6_反馈,2025-02-28 02:15:12,0,192,20.1
_二期_供水泵房_5#加压泵__温度_通道6_反馈,2025-02-28 02:15:13,0,192,20.1
_二期_供水泵房_5#加压泵__温度_通道6_反馈,2025-02-28 02:15:14,0,192,20.1
_二期_供水泵房_5#加压泵__温度_通道6_反馈,2025-02-28 02:15:15,0,192,20.1
_二期_供水泵房_5#加压泵__温度_通道6_反馈,2025-02-28 02:15:16,0,192,20.1
_二期_供水泵房_5#加压泵__温度_通道6_反馈,2025-02-28 02:15:17,0,192,20.1
_二期_供水泵房_5#加压泵__温度_通道6_反馈,2025-02-28 02:15:18,0,192,20.1
_二期_供水泵房_5#加压泵__温度_通道6_反馈,2025-02-28 02:15:19,0,192,20.1
_二期_供水泵房_5#加压泵__温度_通道6_反馈,2025-02-28 02:15:20,0,192,20.1
_二期_供水泵房_5#加压泵__温度_通道6_反馈,2025-02-28 02:15:21,0,192,20.1
_二期_供水泵房_5#加压泵__温度_通道6_反馈,2025-02-28 02:15:22,0,192,20.1
_二期_供水泵房_5#加压泵__温度_通道6_反馈,2025-02-28 02:15:23,0,192,20.1
_二期_供水泵房_5#加压泵__温度_通道6_反馈,2025-02-28 02:15:24,0,192,20.1
_二期_供水泵房_5#加压泵__温度_通道6_反馈,2025-02-28 02:15:25,0,192,20.1
_二期_供水泵房_5#加压泵__温度_通道6_反馈,2025-02-28 02:15:26,0,192,20.1
_二期_供水泵房_5#加压泵__温度_通道6_反馈,2025-02-28 02:15:27,0,192,20.1
_二期_供水泵房_5#加压泵__温度_通道6_反馈,2025-02-28 02:15:28,0,192,20.1
_二期_供水泵房_5#加压泵__温度_通道6_反馈,2025-02-28 02:15:29,0,192,20.1
_二期_供水泵房_5#加压泵__温度_通道6_反馈,2025-02-28 02:15:30,0,192,20.1
_二期_供水泵房_5#加压泵__温度_通道6_反馈,2025-02-28 02:15:31,0,192,20.1
_二期_供水泵房_5#加压泵__温度_通道6_反馈,2025-02-28 02:15:32,0,192,20.1
_二期_供水泵房_5#加压泵__温度_通道6_反馈,2025-02-28 02:15:33,0,192,20.1
_二期_供水泵房_5#加压泵__温度_通道6_反馈,2025-02-28 02:15:34,0,192,20.1
_二期_供水泵房_5#加压泵__温度_通道6_反馈,2025-02-28 02:15:35,0,192,20.1
_二期_供水泵房_5#加压泵__温度_通道6_反馈,2025-02-28 02:15:36,0,192,20.1
_二期_供水泵房_5#加压泵__温度_通道6_反馈,2025-02-28 02:15:37,0,192,20.1
_二期_供水泵房_5#加压泵__温度_通道6_反馈,2025-02-28 02:15:38,0,192,20.1
_二期_供水泵房_5#加压泵__温度_通道6_反馈,2025-02-28 02:15:39,0,192,20.1
_二期_供水泵房_5#加压泵__温度_通道6_反馈,2025-02-28 02:15:40,0,192,20.1
_二期_供水泵房_5#加压泵__温度_通道6_反馈,2025-02-28 02:15:41,0,192,20.1
_二期_供水泵房_5#加压泵__温度_通道6_反馈,2025-02-28 02:15:42,0,192,20.1
_二期_供水泵房_5#加压泵__温度_通道6_反馈,2025-02-28 02:15:43,0,192,20.1
_二期_供水泵房_5#加压泵__温度_通道6_反馈,2025-02-28 02:15:44,0,192,20.1
_二期_供水泵房_5#加压泵__温度_通道6_反馈,2025-02-28 02:15:45,0,192,20.1
_二期_供水泵房_5#加压泵__温度_通道6_反馈,2025-02-28 02:15:46,0,192,20.1
_二期_供水泵房_5#加压泵__温度_通道6_反馈,2025-02-28 02:15:47,0,192,20.1
_二期_供水泵房_5#加压泵__温度_通道6_反馈,2025-02-28 02:15:48,0,192,20.1
_二期_供水泵房_5#加压泵__温度_通道6_反馈,2025-02-28 02:15:49,0,192,20.1
_二期_供水泵房_5#加压泵__温度_通道6_反馈,2025-02-28 02:15:50,0,192,20.1
_二期_供水泵房_5#加压泵__温度_通道6_反馈,2025-02-28 02:15:51,0,192,20.1
_二期_供水泵房_5#加压泵__温度_通道6_反馈,2025-02-28 02:15:52,0,192,20.1
_二期_供水泵房_5#加压泵__温度_通道6_反馈,2025-02-28 02:15:53,0,192,20.1
_二期_供水泵房_5#加压泵__温度_通道6_反馈,2025-02-28 02:15:54,0,192,20.1
_二期_供水泵房_5#加压泵__温度_通道6_反馈,2025-02-28 02:15:55,0,192,20.1
_二期_供水泵房_5#加压泵__温度_通道6_反馈,2025-02-28 02:15:56,0,192,20.1
_二期_供水泵房_5#加压泵__温度_通道6_反馈,2025-02-28 02:15:57,0,192,20.1
_二期_供水泵房_5#加压泵__温度_通道6_反馈,2025-02-28 02:15:58,0,192,20.1
_二期_供水泵房_5#加压泵__温度_通道6_反馈,2025-02-28 02:15:59,0,192,20.1
_二期_供水泵房_5#加压泵__温度_通道6_反馈,2025-02-28 02:16:00,0,192,20.1
_二期_供水泵房_5#加压泵__温度_通道6_反馈,2025-02-28 02:16:01,0,192,20.1
_二期_供水泵房_5#加压泵__温度_通道6_反馈,2025-02-28 02:16:02,0,192,20.1
_二期_供水泵房_5#加压泵__温度_通道6_反馈,2025-02-28 02:16:03,0,192,20.1
_二期_供水泵房_5#加压泵__温度_通道6_反馈,2025-02-28 02:16:04,0,192,20.1
_二期_供水泵房_5#加压泵__温度_通道6_反馈,2025-02-28 02:16:05,0,192,20.1
_二期_供水泵房_5#加压泵__温度_通道6_反馈,2025-02-28 02:16:06,0,192,20.1
_二期_供水泵房_5#加压泵__温度_通道6_反馈,2025-02-28 02:16:07,0,192,20.1
_二期_供水泵房_5#加压泵__温度_通道6_反馈,2025-02-28 02:16:08,0,192,20.1
_二期_供水泵房_5#加压泵__温度_通道6_反馈,2025-02-28 02:16:09,0,192,20.1
_二期_供水泵房_5#加压泵__温度_通道6_反馈,2025-02-28 02:16:10,0,192,20.1
_二期_供水泵房_5#加压泵__温度_通道6_反馈,2025-02-28 02:16:11,0,192,20.1
_二期_供水泵房_5#加压泵__温度_通道6_反馈,2025-02-28 02:16:12,0,192,20.1
_二期_供水泵房_5#加压泵__温度_通道6_反馈,2025-02-28 02:16:13,0,192,20.1
_二期_供水泵房_5#加压泵__温度_通道6_反馈,2025-02-28 02:16:14,0,192,20.1
_二期_供水泵房_5#加压泵__温度_通道6_反馈,2025-02-28 02:16:15,0,192,20.1
_二期_供水泵房_5#加压泵__温度_通道6_反馈,2025-02-28 02:16:16,0,192,20.1
_二期_供水泵房_5#加压泵__温度_通道6_反馈,2025-02-28 02:16:17,0,192,20.1
_二期_供水泵房_5#加压泵__温度_通道6_反馈,2025-02-28 02:16:18,0,192,20.1
_二期_供水泵房_5#加压泵__温度_通道6_反馈,2025-02-28 02:16:19,0,192,20.1
_二期_供水泵房_5#加压泵__温度_通道6_反馈,2025-02-28 02:16:20,0,192,20.1
_二期_供水泵房_5#加压泵__温度_通道6_反馈,2025-02-28 02:16:21,0,192,20.1
_二期_供水泵房_5#加压泵__温度_通道6_反馈,2025-02-28 02:16:22,0,192,20.1
_二期_供水泵房_5#加压泵__温度_通道6_反馈,2025-02-28 02:16:23,0,192,20.1
_二期_供水泵房_5#加压泵__温度_通道6_反馈,2025-02-28 02:16:24,0,192,20.1
_二期_供水泵房_5#加压泵__温度_通道6_反馈,2025-02-28 02:16:25,0,192,20.1
_二期_供水泵房_5#加压泵__温度_通道6_反馈,2025-02-28 02:16:26,0,192,20.1
_二期_供水泵房_5#加压泵__温度_通道6_反馈,2025-02-28 02:16:27,0,192,20.1
_二期_供水泵房_5#加压泵__温度_通道6_反馈,2025-02-28 02:16:28,0,192,20.1
_二期_供水泵房_5#加压泵__温度_通道6_反馈,2025-02-28 02:16:29,0,192,20.1
_二期_供水泵房_5#加压泵__温度_通道6_反馈,2025-02-28 02:16:30,0,192,20.1
_二期_供水泵房_5#加压泵__温度_通道6_反馈,2025-02-28 02:16:31,0,192,20.1
_二期_供水泵房_5#加压泵__温度_通道6_反馈,2025-02-28 02:16:32,0,192,20.1
_二期_供水泵房_5#加压泵__温度_通道6_反馈,2025-02-28 02:16:33,0,192,20.1
_二期_供水泵房_5#加压泵__温度_通道6_反馈,2025-02-28 02:16:34,0,192,20.1
_二期_供水泵房_5#加压泵__温度_通道6_反馈,2025-02-28 02:16:35,0,192,20.1
_二期_供水泵房_5#加压泵__温度_通道6_反馈,2025-02-28 02:16:36,0,192,20.1
_二期_供水泵房_5#加压泵__温度_通道6_反馈,2025-02-28 02:16:37,0,192,20.1
_二期_供水泵房_5#加压泵__温度_通道6_反馈,2025-02-28 02:16:38,0,192,20.1
_二期_供水泵房_5#加压泵__温度_通道6_反馈,2025-02-28 02:16:39,0,192,20.1
_二期_供水泵房_5#加压泵__温度_通道6_反馈,2025-02-28 02:16:40,0,192,20.1
_二期_供水泵房_5#加压泵__温度_通道6_反馈,2025-02-28 02:16:41,0,192,20.1
_二期_供水泵房_5#加压泵__温度_通道6_反馈,2025-02-28 02:16:42,0,192,20.1
_二期_供水泵房_5#加压泵__温度_通道6_反馈,2025-02-28 02:16:43,0,192,20.1
_二期_供水泵房_5#加压泵__温度_通道6_反馈,2025-02-28 02:16:44,0,192,20.1
_二期_供水泵房_5#加压泵__温度_通道6_反馈,2025-02-28 02:16:45,0,192,20.1
_二期_供水泵房_5#加压泵__温度_通道6_反馈,2025-02-28 02:16:46,0,192,20.1
_二期_供水泵房_5#加压泵__温度_通道6_反馈,2025-02-28 02:16:47,0,192,20.1
_二期_供水泵房_5#加压泵__温度_通道6_反馈,2025-02-28 02:16:48,0,192,20.1
_二期_供水泵房_5#加压泵__温度_通道6_反馈,2025-02-28 02:16:49,0,192,20.1
_二期_供水泵房_5#加压泵__温度_通道6_反馈,2025-02-28 02:16:50,0,192,20.1
_二期_供水泵房_5#加压泵__温度_通道6_反馈,2025-02-28 02:16:51,0,192,20.1
_二期_供水泵房_5#加压泵__温度_通道6_反馈,2025-02-28 02:16:52,0,192,20.1
_二期_供水泵房_5#加压泵__温度_通道6_反馈,2025-02-28 02:16:53,0,192,20.1
_二期_供水泵房_5#加压泵__温度_通道6_反馈,2025-02-28 02:16:54,0,192,20.1
_二期_供水泵房_5#加压泵__温度_通道6_反馈,2025-02-28 02:16:55,0,192,20.1
_二期_供水泵房_5#加压泵__温度_通道6_反馈,2025-02-28 02:16:56,0,192,20.1
_二期_供水泵房_5#加压泵__温度_通道6_反馈,2025-02-28 02:16:57,0,192,20.1
_二期_供水泵房_5#加压泵__温度_通道6_反馈,2025-02-28 02:16:58,0,192,20.1
_二期_供水泵房_5#加压泵__温度_通道6_反馈,2025-02-28 02:16:59,0,192,20.1
_二期_供水泵房_5#加压泵__温度_通道6_反馈,2025-02-28 02:17:00,0,192,20.1
_二期_供水泵房_5#加压泵__温度_通道6_反馈,2025-02-28 02:17:01,0,192,20.1
_二期_供水泵房_5#加压泵__温度_通道6_反馈,2025-02-28 02:17:02,0,192,20.1
_二期_供水泵房_5#加压泵__温度_通道6_反馈,2025-02-28 02:17:03,0,192,20.1
_二期_供水泵房_5#加压泵__温度_通道6_反馈,2025-02-28 02:17:04,0,192,20.1
_二期_供水泵房_5#加压泵__温度_通道6_反馈,2025-02-28 02:17:05,0,192,20.1
_二期_供水泵房_5#加压泵__温度_通道6_反馈,2025-02-28 02:17:06,0,192,20.1
_二期_供水泵房_5#加压泵__温度_通道6_反馈,2025-02-28 02:17:07,0,192,20.1
_二期_供水泵房_5#加压泵__温度_通道6_反馈,2025-02-28 02:17:08,0,192,20.1
_二期_供水泵房_5#加压泵__温度_通道6_反馈,2025-02-28 02:17:09,0,192,20.1
_二期_供水泵房_5#加压泵__温度_通道6_反馈,2025-02-28 02:17:10,0,192,20.1
_二期_供水泵房_5#加压泵__温度_通道6_反馈,2025-02-28 02:17:11,0,192,20.1
_二期_供水泵房_5#加压泵__温度_通道6_反馈,2025-02-28 02:17:12,0,192,20.1
_二期_供水泵房_5#加压泵__温度_通道6_反馈,2025-02-28 02:17:13,0,192,20.1
_二期_供水泵房_5#加压泵__温度_通道6_反馈,2025-02-28 02:17:14,0,192,20.1
_二期_供水泵房_5#加压泵__温度_通道6_反馈,2025-02-28 02:17:15,0,192,20.1
_二期_供水泵房_5#加压泵__温度_通道6_反馈,2025-02-28 02:17:16,0,192,20.1
_二期_供水泵房_5#加压泵__温度_通道6_反馈,2025-02-28 02:17:17,0,192,20.1
_二期_供水泵房_5#加压泵__温度_通道6_反馈,2025-02-28 02:17:18,0,192,20.1
_二期_供水泵房_5#加压泵__温度_通道6_反馈,2025-02-28 02:17:19,0,192,20.1
_二期_供水泵房_5#加压泵__温度_通道6_反馈,2025-02-28 02:17:20,0,192,20.1
_二期_供水泵房_5#加压泵__温度_通道6_反馈,2025-02-28 02:17:21,0,192,20.1
_二期_供水泵房_5#加压泵__温度_通道6_反馈,2025-02-28 02:17:22,0,192,20.1
_二期_供水泵房_5#加压泵__温度_通道6_反馈,2025-02-28 02:17:23,0,192,20.1
_二期_供水泵房_5#加压泵__温度_通道6_反馈,2025-02-28 02:17:24,0,192,20.1
_二期_供水泵房_5#加压泵__温度_通道6_反馈,2025-02-28 02:17:25,0,192,20.1
_二期_供水泵房_5#加压泵__温度_通道6_反馈,2025-02-28 02:17:26,0,192,20.1
_二期_供水泵房_5#加压泵__温度_通道6_反馈,2025-02-28 02:17:27,0,192,20.1
_二期_供水泵房_5#加压泵__温度_通道6_反馈,2025-02-28 02:17:28,0,192,20.1
_二期_供水泵房_5#加压泵__温度_通道6_反馈,2025-02-28 02:17:29,0,192,20.1
_二期_供水泵房_5#加压泵__温度_通道6_反馈,2025-02-28 02:17:30,0,192,20.1
_二期_供水泵房_5#加压泵__温度_通道6_反馈,2025-02-28 02:17:31,0,192,20.1
_二期_供水泵房_5#加压泵__温度_通道6_反馈,2025-02-28 02:17:32,0,192,20.1
_二期_供水泵房_5#加压泵__温度_通道6_反馈,2025-02-28 02:17:33,0,192,20.1
_二期_供水泵房_5#加压泵__温度_通道6_反馈,2025-02-28 02:17:34,0,192,20.1
_二期_供水泵房_5#加压泵__温度_通道6_反馈,2025-02-28 02:17:35,0,192,20.1
_二期_供水泵房_5#加压泵__温度_通道6_反馈,2025-02-28 02:17:36,0,192,20.1
_二期_供水泵房_5#加压泵__温度_通道6_反馈,2025-02-28 02:17:37,0,192,20.1
_二期_供水泵房_5#加压泵__温度_通道6_反馈,2025-02-28 02:17:38,0,192,20.1
_二期_供水泵房_5#加压泵__温度_通道6_反馈,2025-02-28 02:17:39,0,192,20.1
_二期_供水泵房_5#加压泵__温度_通道6_反馈,2025-02-28 02:17:40,0,192,20.1
_二期_供水泵房_5#加压泵__温度_通道6_反馈,2025-02-28 02:17:41,0,192,20.1
_二期_供水泵房_5#加压泵__温度_通道6_反馈,2025-02-28 02:17:42,0,192,20.1
_二期_供水泵房_5#加压泵__温度_通道6_反馈,2025-02-28 02:17:43,0,192,20.1
_二期_供水泵房_5#加压泵__温度_通道6_反馈,2025-02-28 02:17:44,0,192,20.1
_二期_供水泵房_5#加压泵__温度_通道6_反馈,2025-02-28 02:17:45,0,192,20.1
_二期_供水泵房_5#加压泵__温度_通道6_反馈,2025-02-28 02:17:46,0,192,20.1
_二期_供水泵房_5#加压泵__温度_通道6_反馈,2025-02-28 02:17:47,0,192,20.1
_二期_供水泵房_5#加压泵__温度_通道6_反馈,2025-02-28 02:17:48,0,192,20.1
_二期_供水泵房_5#加压泵__温度_通道6_反馈,2025-02-28 02:17:49,0,192,20.1
_二期_供水泵房_5#加压泵__温度_通道6_反馈,2025-02-28 02:17:50,0,192,20.1
_二期_供水泵房_5#加压泵__温度_通道6_反馈,2025-02-28 02:17:51,0,192,20.1
_二期_供水泵房_5#加压泵__温度_通道6_反馈,2025-02-28 02:17:52,0,192,20.1
_二期_供水泵房_5#加压泵__温度_通道6_反馈,2025-02-28 02:17:53,0,192,20.1
_二期_供水泵房_5#加压泵__温度_通道6_反馈,2025-02-28 02:17:54,0,192,20.1
_二期_供水泵房_5#加压泵__温度_通道6_反馈,2025-02-28 02:17:55,0,192,20.1
_二期_供水泵房_5#加压泵__温度_通道6_反馈,2025-02-28 02:17:56,0,192,20.1
_二期_供水泵房_5#加压泵__温度_通道6_反馈,2025-02-28 02:17:57,0,192,20.1
_二期_供水泵房_5#加压泵__温度_通道6_反馈,2025-02-28 02:17:58,0,192,20.1
_二期_供水泵房_5#加压泵__温度_通道6_反馈,2025-02-28 02:17:59,0,192,20.1
_二期_供水泵房_5#加压泵__温度_通道6_反馈,2025-02-28 02:18:00,0,192,20.1
_二期_供水泵房_5#加压泵__温度_通道6_反馈,2025-02-28 02:18:01,0,192,20.1
_二期_供水泵房_5#加压泵__温度_通道6_反馈,2025-02-28 02:18:02,0,192,20.1
_二期_供水泵房_5#加压泵__温度_通道6_反馈,2025-02-28 02:18:03,0,192,20.1
_二期_供水泵房_5#加压泵__温度_通道6_反馈,2025-02-28 02:18:04,0,192,20.1
_二期_供水泵房_5#加压泵__温度_通道6_反馈,2025-02-28 02:18:05,0,192,20.1
_二期_供水泵房_5#加压泵__温度_通道6_反馈,2025-02-28 02:18:06,0,192,20.1
_二期_供水泵房_5#加压泵__温度_通道6_反馈,2025-02-28 02:18:07,0,192,20.1
_二期_供水泵房_5#加压泵__温度_通道6_反馈,2025-02-28 02:18:08,0,192,20.1
_二期_供水泵房_5#加压泵__温度_通道6_反馈,2025-02-28 02:18:09,0,192,20.1
_二期_供水泵房_5#加压泵__温度_通道6_反馈,2025-02-28 02:18:10,0,192,20.1
_二期_供水泵房_5#加压泵__温度_通道6_反馈,2025-02-28 02:18:11,0,192,20.1
_二期_供水泵房_5#加压泵__温度_通道6_反馈,2025-02-28 02:18:12,0,192,20.1
_二期_供水泵房_5#加压泵__温度_通道6_反馈,2025-02-28 02:18:13,0,192,20.1
_二期_供水泵房_5#加压泵__温度_通道6_反馈,2025-02-28 02:18:14,0,192,20.1
_二期_供水泵房_5#加压泵__温度_通道6_反馈,2025-02-28 02:18:15,0,192,20.1
_二期_供水泵房_5#加压泵__温度_通道6_反馈,2025-02-28 02:18:16,0,192,20.1
_二期_供水泵房_5#加压泵__温度_通道6_反馈,2025-02-28 02:18:17,0,192,20.1
_二期_供水泵房_5#加压泵__温度_通道6_反馈,2025-02-28 02:18:18,0,192,20.1
_二期_供水泵房_5#加压泵__温度_通道6_反馈,2025-02-28 02:18:19,0,192,20.1
_二期_供水泵房_5#加压泵__温度_通道6_反馈,2025-02-28 02:18:20,0,192,20.1
_二期_供水泵房_5#加压泵__温度_通道6_反馈,2025-02-28 02:18:21,0,192,20.1
_二期_供水泵房_5#加压泵__温度_通道6_反馈,2025-02-28 02:18:22,0,192,20.1
_二期_供水泵房_5#加压泵__温度_通道6_反馈,2025-02-28 02:18:23,0,192,20.1
_二期_供水泵房_5#加压泵__温度_通道6_反馈,2025-02-28 02:18:24,0,192,20.1
_二期_供水泵房_5#加压泵__温度_通道6_反馈,2025-02-28 02:18:25,0,192,20.1
_二期_供水泵房_5#加压泵__温度_通道6_反馈,2025-02-28 02:18:26,0,192,20.1
_二期_供水泵房_5#加压泵__温度_通道6_反馈,2025-02-28 02:18:27,0,192,20.1
_二期_供水泵房_5#加压泵__温度_通道6_反馈,2025-02-28 02:18:28,0,192,20.1
_二期_供水泵房_5#加压泵__温度_通道6_反馈,2025-02-28 02:18:29,0,192,20.1
_二期_供水泵房_5#加压泵__温度_通道6_反馈,2025-02-28 02:18:30,0,192,20.1
_二期_供水泵房_5#加压泵__温度_通道6_反馈,2025-02-28 02:18:31,0,192,20.1
_二期_供水泵房_5#加压泵__温度_通道6_反馈,2025-02-28 02:18:32,0,192,20.1
_二期_供水泵房_5#加压泵__温度_通道6_反馈,2025-02-28 02:18:33,0,192,20.1
_二期_供水泵房_5#加压泵__温度_通道6_反馈,2025-02-28 02:18:34,0,192,20.1
_二期_供水泵房_5#加压泵__温度_通道6_反馈,2025-02-28 02:18:35,0,192,20.1
_二期_供水泵房_5#加压泵__温度_通道6_反馈,2025-02-28 02:18:36,0,192,20.1
_二期_供水泵房_5#加压泵__温度_通道6_反馈,2025-02-28 02:18:37,0,192,20.1
_二期_供水泵房_5#加压泵__温度_通道6_反馈,2025-02-28 02:18:38,0,192,20.1
_二期_供水泵房_5#加压泵__温度_通道6_反馈,2025-02-28 02:18:39,0,192,20.1
_二期_供水泵房_5#加压泵__温度_通道6_反馈,2025-02-28 02:18:40,0,192,20.1
_二期_供水泵房_5#加压泵__温度_通道6_反馈,2025-02-28 02:18:41,0,192,20.1
_二期_供水泵房_5#加压泵__温度_通道6_反馈,2025-02-28 02:18:42,0,192,20.1
_二期_供水泵房_5#加压泵__温度_通道6_反馈,2025-02-28 02:18:43,0,192,20.1
_二期_供水泵房_5#加压泵__温度_通道6_反馈,2025-02-28 02:18:44,0,192,20.1
_二期_供水泵房_5#加压泵__温度_通道6_反馈,2025-02-28 02:18:45,0,192,20.1
_二期_供水泵房_5#加压泵__温度_通道6_反馈,2025-02-28 02:18:46,0,192,20.1
_二期_供水泵房_5#加压泵__温度_通道6_反馈,2025-02-28 02:18:47,0,192,20.1
_二期_供水泵房_5#加压泵__温度_通道6_反馈,2025-02-28 02:18:48,0,192,20.1
_二期_供水泵房_5#加压泵__温度_通道6_反馈,2025-02-28 02:18:49,0,192,20.1
_二期_供水泵房_5#加压泵__温度_通道6_反馈,2025-02-28 02:18:50,0,192,20.1
_二期_供水泵房_5#加压泵__温度_通道6_反馈,2025-02-28 02:18:51,0,192,20.1
_二期_供水泵房_5#加压泵__温度_通道6_反馈,2025-02-28 02:18:52,0,192,20.1
_二期_供水泵房_5#加压泵__温度_通道6_反馈,2025-02-28 02:18:53,0,192,20.1
_二期_供水泵房_5#加压泵__温度_通道6_反馈,2025-02-28 02:18:54,0,192,20.1
_二期_供水泵房_5#加压泵__温度_通道6_反馈,2025-02-28 02:18:55,0,192,20.1
_二期_供水泵房_5#加压泵__温度_通道6_反馈,2025-02-28 02:18:56,0,192,20.1
_二期_供水泵房_5#加压泵__温度_通道6_反馈,2025-02-28 02:18:57,0,192,20.1
_二期_供水泵房_5#加压泵__温度_通道6_反馈,2025-02-28 02:18:58,0,192,20.1
_二期_供水泵房_5#加压泵__温度_通道6_反馈,2025-02-28 02:18:59,0,192,20.1
_二期_供水泵房_5#加压泵__温度_通道6_反馈,2025-02-28 02:19:00,0,192,20.1
_二期_供水泵房_5#加压泵__温度_通道6_反馈,2025-02-28 02:19:01,0,192,20.1
_二期_供水泵房_5#加压泵__温度_通道6_反馈,2025-02-28 02:19:02,0,192,20.1
_二期_供水泵房_5#加压泵__温度_通道6_反馈,2025-02-28 02:19:03,0,192,20.1
_二期_供水泵房_5#加压泵__温度_通道6_反馈,2025-02-28 02:19:04,0,192,20.1
_二期_供水泵房_5#加压泵__温度_通道6_反馈,2025-02-28 02:19:05,0,192,20.1
_二期_供水泵房_5#加压泵__温度_通道6_反馈,2025-02-28 02:19:06,0,192,20.1
_二期_供水泵房_5#加压泵__温度_通道6_反馈,2025-02-28 02:19:07,0,192,20.1
_二期_供水泵房_5#加压泵__温度_通道6_反馈,2025-02-28 02:19:08,0,192,20.1
_二期_供水泵房_5#加压泵__温度_通道6_反馈,2025-02-28 02:19:09,0,192,20.1
_二期_供水泵房_5#加压泵__温度_通道6_反馈,2025-02-28 02:19:10,0,192,20.1
_二期_供水泵房_5#加压泵__温度_通道6_反馈,2025-02-28 02:19:11,0,192,20.1
_二期_供水泵房_5#加压泵__温度_通道6_反馈,2025-02-28 02:19:12,0,192,20.1
_二期_供水泵房_5#加压泵__温度_通道6_反馈,2025-02-28 02:19:13,0,192,20.1
_二期_供水泵房_5#加压泵__温度_通道6_反馈,2025-02-28 02:19:14,0,192,20.1
_二期_供水泵房_5#加压泵__温度_通道6_反馈,2025-02-28 02:19:15,0,192,20.1
_二期_供水泵房_5#加压泵__温度_通道6_反馈,2025-02-28 02:19:16,0,192,20.1
_二期_供水泵房_5#加压泵__温度_通道6_反馈,2025-02-28 02:19:17,0,192,20.1
_二期_供水泵房_5#加压泵__温度_通道6_反馈,2025-02-28 02:19:18,0,192,20.1
_二期_供水泵房_5#加压泵__温度_通道6_反馈,2025-02-28 02:19:19,0,192,20.1
_二期_供水泵房_5#加压泵__温度_通道6_反馈,2025-02-28 02:19:20,0,192,20.1
_二期_供水泵房_5#加压泵__温度_通道6_反馈,2025-02-28 02:19:21,0,192,20.1
_二期_供水泵房_5#加压泵__温度_通道6_反馈,2025-02-28 02:19:22,0,192,20.1
_二期_供水泵房_5#加压泵__温度_通道6_反馈,2025-02-28 02:19:23,0,192,20.1
_二期_供水泵房_5#加压泵__温度_通道6_反馈,2025-02-28 02:19:24,0,192,20.1
_二期_供水泵房_5#加压泵__温度_通道6_反馈,2025-02-28 02:19:25,0,192,20.1
_二期_供水泵房_5#加压泵__温度_通道6_反馈,2025-02-28 02:19:26,0,192,20.1
_二期_供水泵房_5#加压泵__温度_通道6_反馈,2025-02-28 02:19:27,0,192,20.1
_二期_供水泵房_5#加压泵__温度_通道6_反馈,2025-02-28 02:19:28,0,192,20.1
_二期_供水泵房_5#加压泵__温度_通道6_反馈,2025-02-28 02:19:29,0,192,20.1
_二期_供水泵房_5#加压泵__温度_通道6_反馈,2025-02-28 02:19:30,0,192,20.1
_二期_供水泵房_5#加压泵__温度_通道6_反馈,2025-02-28 02:19:31,0,192,20.1
_二期_供水泵房_5#加压泵__温度_通道6_反馈,2025-02-28 02:19:32,0,192,20.1
_二期_供水泵房_5#加压泵__温度_通道6_反馈,2025-02-28 02:19:33,0,192,20.1
_二期_供水泵房_5#加压泵__温度_通道6_反馈,2025-02-28 02:19:34,0,192,20.1
_二期_供水泵房_5#加压泵__温度_通道6_反馈,2025-02-28 02:19:35,0,192,20.1
_二期_供水泵房_5#加压泵__温度_通道6_反馈,2025-02-28 02:19:36,0,192,20.1
_二期_供水泵房_5#加压泵__温度_通道6_反馈,2025-02-28 02:19:37,0,192,20.1
_二期_供水泵房_5#加压泵__温度_通道6_反馈,2025-02-28 02:19:38,0,192,20.1
_二期_供水泵房_5#加压泵__温度_通道6_反馈,2025-02-28 02:19:39,0,192,20.1
_二期_供水泵房_5#加压泵__温度_通道6_反馈,2025-02-28 02:19:40,0,192,20.1
_二期_供水泵房_5#加压泵__温度_通道6_反馈,2025-02-28 02:19:41,0,192,20.1
_二期_供水泵房_5#加压泵__温度_通道6_反馈,2025-02-28 02:19:42,0,192,20.1
_二期_供水泵房_5#加压泵__温度_通道6_反馈,2025-02-28 02:19:43,0,192,20.1
_二期_供水泵房_5#加压泵__温度_通道6_反馈,2025-02-28 02:19:44,0,192,20.1
_二期_供水泵房_5#加压泵__温度_通道6_反馈,2025-02-28 02:19:45,0,192,20.1
_二期_供水泵房_5#加压泵__温度_通道6_反馈,2025-02-28 02:19:46,0,192,20.1
_二期_供水泵房_5#加压泵__温度_通道6_反馈,2025-02-28 02:19:47,0,192,20.1
_二期_供水泵房_5#加压泵__温度_通道6_反馈,2025-02-28 02:19:48,0,192,20.1
_二期_供水泵房_5#加压泵__温度_通道6_反馈,2025-02-28 02:19:49,0,192,20.1
_二期_供水泵房_5#加压泵__温度_通道6_反馈,2025-02-28 02:19:50,0,192,20.1
_二期_供水泵房_5#加压泵__温度_通道6_反馈,2025-02-28 02:19:51,0,192,20.1
_二期_供水泵房_5#加压泵__温度_通道6_反馈,2025-02-28 02:19:52,0,192,20.1
_二期_供水泵房_5#加压泵__温度_通道6_反馈,2025-02-28 02:19:53,0,192,20.1
_二期_供水泵房_5#加压泵__温度_通道6_反馈,2025-02-28 02:19:54,0,192,20.1
_二期_供水泵房_5#加压泵__温度_通道6_反馈,2025-02-28 02:19:55,0,192,20.1
_二期_供水泵房_5#加压泵__温度_通道6_反馈,2025-02-28 02:19:56,0,192,20.1
_二期_供水泵房_5#加压泵__温度_通道6_反馈,2025-02-28 02:19:57,0,192,20.1
_二期_供水泵房_5#加压泵__温度_通道6_反馈,2025-02-28 02:19:58,0,192,20.1
_二期_供水泵房_5#加压泵__温度_通道6_反馈,2025-02-28 02:19:59,0,192,20.1
_二期_供水泵房_5#加压泵__温度_通道6_反馈,2025-02-28 02:20:00,0,192,20.1
_二期_供水泵房_5#加压泵__温度_通道6_反馈,2025-02-28 02:20:01,0,192,20.1
_二期_供水泵房_5#加压泵__温度_通道6_反馈,2025-02-28 02:20:02,0,192,20.1
_二期_供水泵房_5#加压泵__温度_通道6_反馈,2025-02-28 02:20:03,0,192,20.1
_二期_供水泵房_5#加压泵__温度_通道6_反馈,2025-02-28 02:20:04,0,192,20.1
_二期_供水泵房_5#加压泵__温度_通道6_反馈,2025-02-28 02:20:05,0,192,20.1
_二期_供水泵房_5#加压泵__温度_通道6_反馈,2025-02-28 02:20:06,0,192,20.1
_二期_供水泵房_5#加压泵__温度_通道6_反馈,2025-02-28 02:20:07,0,192,20.1
_二期_供水泵房_5#加压泵__温度_通道6_反馈,2025-02-28 02:20:08,0,192,20.1
_二期_供水泵房_5#加压泵__温度_通道6_反馈,2025-02-28 02:20:09,0,192,20.1
_二期_供水泵房_5#加压泵__温度_通道6_反馈,2025-02-28 02:20:10,0,192,20.1
_二期_供水泵房_5#加压泵__温度_通道6_反馈,2025-02-28 02:20:11,0,192,20.1
_二期_供水泵房_5#加压泵__温度_通道6_反馈,2025-02-28 02:20:12,0,192,20.1
_二期_供水泵房_5#加压泵__温度_通道6_反馈,2025-02-28 02:20:13,0,192,20.1
_二期_供水泵房_5#加压泵__温度_通道6_反馈,2025-02-28 02:20:14,0,192,20.1
_二期_供水泵房_5#加压泵__温度_通道6_反馈,2025-02-28 02:20:15,0,192,20.1
_二期_供水泵房_5#加压泵__温度_通道6_反馈,2025-02-28 02:20:16,0,192,20.1
_二期_供水泵房_5#加压泵__温度_通道6_反馈,2025-02-28 02:20:17,0,192,20.1
_二期_供水泵房_5#加压泵__温度_通道6_反馈,2025-02-28 02:20:18,0,192,20.1
_二期_供水泵房_5#加压泵__温度_通道6_反馈,2025-02-28 02:20:19,0,192,20.1
_二期_供水泵房_5#加压泵__温度_通道6_反馈,2025-02-28 02:20:20,0,192,20.1
_二期_供水泵房_5#加压泵__温度_通道6_反馈,2025-02-28 02:20:21,0,192,20.1
_二期_供水泵房_5#加压泵__温度_通道6_反馈,2025-02-28 02:20:22,0,192,20.1
_二期_供水泵房_5#加压泵__温度_通道6_反馈,2025-02-28 02:20:23,0,192,20.1
_二期_供水泵房_5#加压泵__温度_通道6_反馈,2025-02-28 02:20:24,0,192,20.1
_二期_供水泵房_5#加压泵__温度_通道6_反馈,2025-02-28 02:20:25,0,192,20.1
_二期_供水泵房_5#加压泵__温度_通道6_反馈,2025-02-28 02:20:26,0,192,20.1
_二期_供水泵房_5#加压泵__温度_通道6_反馈,2025-02-28 02:20:27,0,192,20.1
_二期_供水泵房_5#加压泵__温度_通道6_反馈,2025-02-28 02:20:28,0,192,20.1
_二期_供水泵房_5#加压泵__温度_通道6_反馈,2025-02-28 02:20:29,0,192,20.1
_二期_供水泵房_5#加压泵__温度_通道6_反馈,2025-02-28 02:20:30,0,192,20.1
_二期_供水泵房_5#加压泵__温度_通道6_反馈,2025-02-28 02:20:31,0,192,20.1
_二期_供水泵房_5#加压泵__温度_通道6_反馈,2025-02-28 02:20:32,0,192,20.1
_二期_供水泵房_5#加压泵__温度_通道6_反馈,2025-02-28 02:20:33,0,192,20.1
_二期_供水泵房_5#加压泵__温度_通道6_反馈,2025-02-28 02:20:34,0,192,20.1
_二期_供水泵房_5#加压泵__温度_通道6_反馈,2025-02-28 02:20:35,0,192,20.1
_二期_供水泵房_5#加压泵__温度_通道6_反馈,2025-02-28 02:20:36,0,192,20.1
_二期_供水泵房_5#加压泵__温度_通道6_反馈,2025-02-28 02:20:37,0,192,20.1
_二期_供水泵房_5#加压泵__温度_通道6_反馈,2025-02-28 02:20:38,0,192,20.1
_二期_供水泵房_5#加压泵__温度_通道6_反馈,2025-02-28 02:20:39,0,192,20.1
_二期_供水泵房_5#加压泵__温度_通道6_反馈,2025-02-28 02:20:40,0,192,20.1
_二期_供水泵房_5#加压泵__温度_通道6_反馈,2025-02-28 02:20:41,0,192,20.1
_二期_供水泵房_5#加压泵__温度_通道6_反馈,2025-02-28 02:20:42,0,192,20.1
_二期_供水泵房_5#加压泵__温度_通道6_反馈,2025-02-28 02:20:43,0,192,20.1
_二期_供水泵房_5#加压泵__温度_通道6_反馈,2025-02-28 02:20:44,0,192,20.1
_二期_供水泵房_5#加压泵__温度_通道6_反馈,2025-02-28 02:20:45,0,192,20.1
_二期_供水泵房_5#加压泵__温度_通道6_反馈,2025-02-28 02:20:46,0,192,20.1
_二期_供水泵房_5#加压泵__温度_通道6_反馈,2025-02-28 02:20:47,0,192,20.1
_二期_供水泵房_5#加压泵__温度_通道6_反馈,2025-02-28 02:20:48,0,192,20.1
_二期_供水泵房_5#加压泵__温度_通道6_反馈,2025-02-28 02:20:49,0,192,20.1
_二期_供水泵房_5#加压泵__温度_通道6_反馈,2025-02-28 02:20:50,0,192,20.1
_二期_供水泵房_5#加压泵__温度_通道6_反馈,2025-02-28 02:20:51,0,192,20.1
_二期_供水泵房_5#加压泵__温度_通道6_反馈,2025-02-28 02:20:52,0,192,20.1
_二期_供水泵房_5#加压泵__温度_通道6_反馈,2025-02-28 02:20:53,0,192,20.1
_二期_供水泵房_5#加压泵__温度_通道6_反馈,2025-02-28 02:20:54,0,192,20.1
_二期_供水泵房_5#加压泵__温度_通道6_反馈,2025-02-28 02:20:55,0,192,20.1
_二期_供水泵房_5#加压泵__温度_通道6_反馈,2025-02-28 02:20:56,0,192,20.1
_二期_供水泵房_5#加压泵__温度_通道6_反馈,2025-02-28 02:20:57,0,192,20.1
_二期_供水泵房_5#加压泵__温度_通道6_反馈,2025-02-28 02:20:58,0,192,20.1
_二期_供水泵房_5#加压泵__温度_通道6_反馈,2025-02-28 02:20:59,0,192,20.1
_二期_供水泵房_5#加压泵__温度_通道6_反馈,2025-02-28 02:21:00,0,192,20.1
_二期_供水泵房_5#加压泵__温度_通道6_反馈,2025-02-28 02:21:01,0,192,20.1
_二期_供水泵房_5#加压泵__温度_通道6_反馈,2025-02-28 02:21:02,0,192,20.1
_二期_供水泵房_5#加压泵__温度_通道6_反馈,2025-02-28 02:21:03,0,192,20.1
_二期_供水泵房_5#加压泵__温度_通道6_反馈,2025-02-28 02:21:04,0,192,20.1
_二期_供水泵房_5#加压泵__温度_通道6_反馈,2025-02-28 02:21:05,0,192,20.1
_二期_供水泵房_5#加压泵__温度_通道6_反馈,2025-02-28 02:21:06,0,192,20.1
_二期_供水泵房_5#加压泵__温度_通道6_反馈,2025-02-28 02:21:07,0,192,20.1
_二期_供水泵房_5#加压泵__温度_通道6_反馈,2025-02-28 02:21:08,0,192,20.1
_二期_供水泵房_5#加压泵__温度_通道6_反馈,2025-02-28 02:21:09,0,192,20.1
_二期_供水泵房_5#加压泵__温度_通道6_反馈,2025-02-28 02:21:10,0,192,20.1
_二期_供水泵房_5#加压泵__温度_通道6_反馈,2025-02-28 02:21:11,0,192,20.1
_二期_供水泵房_5#加压泵__温度_通道6_反馈,2025-02-28 02:21:12,0,192,20.1
_二期_供水泵房_5#加压泵__温度_通道6_反馈,2025-02-28 02:21:13,0,192,20.1
_二期_供水泵房_5#加压泵__温度_通道6_反馈,2025-02-28 02:21:14,0,192,20.1
_二期_供水泵房_5#加压泵__温度_通道6_反馈,2025-02-28 02:21:15,0,192,20.1
_二期_供水泵房_5#加压泵__温度_通道6_反馈,2025-02-28 02:21:16,0,192,20.1
_二期_供水泵房_5#加压泵__温度_通道6_反馈,2025-02-28 02:21:17,0,192,20.1
_二期_供水泵房_5#加压泵__温度_通道6_反馈,2025-02-28 02:21:18,0,192,20.1
_二期_供水泵房_5#加压泵__温度_通道6_反馈,2025-02-28 02:21:19,0,192,20.1
_二期_供水泵房_5#加压泵__温度_通道6_反馈,2025-02-28 02:21:20,0,192,20.1
_二期_供水泵房_5#加压泵__温度_通道6_反馈,2025-02-28 02:21:21,0,192,20.1
_二期_供水泵房_5#加压泵__温度_通道6_反馈,2025-02-28 02:21:22,0,192,20.1
_二期_供水泵房_5#加压泵__温度_通道6_反馈,2025-02-28 02:21:23,0,192,20.1
_二期_供水泵房_5#加压泵__温度_通道6_反馈,2025-02-28 02:21:24,0,192,20.1
_二期_供水泵房_5#加压泵__温度_通道6_反馈,2025-02-28 02:21:25,0,192,20.1
_二期_供水泵房_5#加压泵__温度_通道6_反馈,2025-02-28 02:21:26,0,192,20.1
_二期_供水泵房_5#加压泵__温度_通道6_反馈,2025-02-28 02:21:27,0,192,20.1
_二期_供水泵房_5#加压泵__温度_通道6_反馈,2025-02-28 02:21:28,0,192,20.1
_二期_供水泵房_5#加压泵__温度_通道6_反馈,2025-02-28 02:21:29,0,192,20.1
_二期_供水泵房_5#加压泵__温度_通道6_反馈,2025-02-28 02:21:30,0,192,20.1
_二期_供水泵房_5#加压泵__温度_通道6_反馈,2025-02-28 02:21:31,0,192,20.1
_二期_供水泵房_5#加压泵__温度_通道6_反馈,2025-02-28 02:21:32,0,192,20.1
_二期_供水泵房_5#加压泵__温度_通道6_反馈,2025-02-28 02:21:33,0,192,20.1
_二期_供水泵房_5#加压泵__温度_通道6_反馈,2025-02-28 02:21:34,0,192,20.1
_二期_供水泵房_5#加压泵__温度_通道6_反馈,2025-02-28 02:21:35,0,192,20.1
_二期_供水泵房_5#加压泵__温度_通道6_反馈,2025-02-28 02:21:36,0,192,20.1
_二期_供水泵房_5#加压泵__温度_通道6_反馈,2025-02-28 02:21:37,0,192,20.1
_二期_供水泵房_5#加压泵__温度_通道6_反馈,2025-02-28 02:21:38,0,192,20.1
_二期_供水泵房_5#加压泵__温度_通道6_反馈,2025-02-28 02:21:39,0,192,20.1
_二期_供水泵房_5#加压泵__温度_通道6_反馈,2025-02-28 02:21:40,0,192,20.1
_二期_供水泵房_5#加压泵__温度_通道6_反馈,2025-02-28 02:21:41,0,192,20.1
_二期_供水泵房_5#加压泵__温度_通道6_反馈,2025-02-28 02:21:42,0,192,20.1
_二期_供水泵房_5#加压泵__温度_通道6_反馈,2025-02-28 02:21:43,0,192,20.1
_二期_供水泵房_5#加压泵__温度_通道6_反馈,2025-02-28 02:21:44,0,192,20.1
_二期_供水泵房_5#加压泵__温度_通道6_反馈,2025-02-28 02:21:45,0,192,20.1
_二期_供水泵房_5#加压泵__温度_通道6_反馈,2025-02-28 02:21:46,0,192,20.1
_二期_供水泵房_5#加压泵__温度_通道6_反馈,2025-02-28 02:21:47,0,192,20.1
_二期_供水泵房_5#加压泵__温度_通道6_反馈,2025-02-28 02:21:48,0,192,20.1
_二期_供水泵房_5#加压泵__温度_通道6_反馈,2025-02-28 02:21:49,0,192,20.1
_二期_供水泵房_5#加压泵__温度_通道6_反馈,2025-02-28 02:21:50,0,192,20.1
_二期_供水泵房_5#加压泵__温度_通道6_反馈,2025-02-28 02:21:51,0,192,20.1
_二期_供水泵房_5#加压泵__温度_通道6_反馈,2025-02-28 02:21:52,0,192,20.1
_二期_供水泵房_5#加压泵__温度_通道6_反馈,2025-02-28 02:21:53,0,192,20.1
_二期_供水泵房_5#加压泵__温度_通道6_反馈,2025-02-28 02:21:54,0,192,20.1
_二期_供水泵房_5#加压泵__温度_通道6_反馈,2025-02-28 02:21:55,0,192,20.1
_二期_供水泵房_5#加压泵__温度_通道6_反馈,2025-02-28 02:21:56,0,192,20.1
_二期_供水泵房_5#加压泵__温度_通道6_反馈,2025-02-28 02:21:57,0,192,20.1
_二期_供水泵房_5#加压泵__温度_通道6_反馈,2025-02-28 02:21:58,0,192,20.1
_二期_供水泵房_5#加压泵__温度_通道6_反馈,2025-02-28 02:21:59,0,192,20.1
_二期_供水泵房_5#加压泵__温度_通道6_反馈,2025-02-28 02:22:00,0,192,20.1
_二期_供水泵房_5#加压泵__温度_通道6_反馈,2025-02-28 02:22:01,0,192,20.1
_二期_供水泵房_5#加压泵__温度_通道6_反馈,2025-02-28 02:22:02,0,192,20.1
_二期_供水泵房_5#加压泵__温度_通道6_反馈,2025-02-28 02:22:03,0,192,20.1
_二期_供水泵房_5#加压泵__温度_通道6_反馈,2025-02-28 02:22:04,0,192,20.1
_二期_供水泵房_5#加压泵__温度_通道6_反馈,2025-02-28 02:22:05,0,192,20.1
_二期_供水泵房_5#加压泵__温度_通道6_反馈,2025-02-28 02:22:06,0,192,20.1
_二期_供水泵房_5#加压泵__温度_通道6_反馈,2025-02-28 02:22:07,0,192,20.1
_二期_供水泵房_5#加压泵__温度_通道6_反馈,2025-02-28 02:22:08,0,192,20.1
_二期_供水泵房_5#加压泵__温度_通道6_反馈,2025-02-28 02:22:09,0,192,20.1
_二期_供水泵房_5#加压泵__温度_通道6_反馈,2025-02-28 02:22:10,0,192,20.1
_二期_供水泵房_5#加压泵__温度_通道6_反馈,2025-02-28 02:22:11,0,192,20.1
_二期_供水泵房_5#加压泵__温度_通道6_反馈,2025-02-28 02:22:12,0,192,20.1
_二期_供水泵房_5#加压泵__温度_通道6_反馈,2025-02-28 02:22:13,0,192,20.1
_二期_供水泵房_5#加压泵__温度_通道6_反馈,2025-02-28 02:22:14,0,192,20.1
_二期_供水泵房_5#加压泵__温度_通道6_反馈,2025-02-28 02:22:15,0,192,20.1
_二期_供水泵房_5#加压泵__温度_通道6_反馈,2025-02-28 02:22:16,0,192,20.1
_二期_供水泵房_5#加压泵__温度_通道6_反馈,2025-02-28 02:22:17,0,192,20.1
_二期_供水泵房_5#加压泵__温度_通道6_反馈,2025-02-28 02:22:18,0,192,20.1
_二期_供水泵房_5#加压泵__温度_通道6_反馈,2025-02-28 02:22:19,0,192,20.1
_二期_供水泵房_5#加压泵__温度_通道6_反馈,2025-02-28 02:22:20,0,192,20.1
_二期_供水泵房_5#加压泵__温度_通道6_反馈,2025-02-28 02:22:21,0,192,20.1
_二期_供水泵房_5#加压泵__温度_通道6_反馈,2025-02-28 02:22:22,0,192,20.1
_二期_供水泵房_5#加压泵__温度_通道6_反馈,2025-02-28 02:22:23,0,192,20.1
_二期_供水泵房_5#加压泵__温度_通道6_反馈,2025-02-28 02:22:24,0,192,20.1
_二期_供水泵房_5#加压泵__温度_通道6_反馈,2025-02-28 02:22:25,0,192,20.1
_二期_供水泵房_5#加压泵__温度_通道6_反馈,2025-02-28 02:22:26,0,192,20.1
_二期_供水泵房_5#加压泵__温度_通道6_反馈,2025-02-28 02:22:27,0,192,20.1
_二期_供水泵房_5#加压泵__温度_通道6_反馈,2025-02-28 02:22:28,0,192,20.1
_二期_供水泵房_5#加压泵__温度_通道6_反馈,2025-02-28 02:22:29,0,192,20.1
_二期_供水泵房_5#加压泵__温度_通道6_反馈,2025-02-28 02:22:30,0,192,20.1
_二期_供水泵房_5#加压泵__温度_通道6_反馈,2025-02-28 02:22:31,0,192,20.1
_二期_供水泵房_5#加压泵__温度_通道6_反馈,2025-02-28 02:22:32,0,192,20.1
_二期_供水泵房_5#加压泵__温度_通道6_反馈,2025-02-28 02:22:33,0,192,20.1
_二期_供水泵房_5#加压泵__温度_通道6_反馈,2025-02-28 02:22:34,0,192,20.1
_二期_供水泵房_5#加压泵__温度_通道6_反馈,2025-02-28 02:22:35,0,192,20.1
_二期_供水泵房_5#加压泵__温度_通道6_反馈,2025-02-28 02:22:36,0,192,20.1
_二期_供水泵房_5#加压泵__温度_通道6_反馈,2025-02-28 02:22:37,0,192,20.1
_二期_供水泵房_5#加压泵__温度_通道6_反馈,2025-02-28 02:22:38,0,192,20.1
_二期_供水泵房_5#加压泵__温度_通道6_反馈,2025-02-28 02:22:39,0,192,20.1
_二期_供水泵房_5#加压泵__温度_通道6_反馈,2025-02-28 02:22:40,0,192,20.1
_二期_供水泵房_5#加压泵__温度_通道6_反馈,2025-02-28 02:22:41,0,192,20.1
_二期_供水泵房_5#加压泵__温度_通道6_反馈,2025-02-28 02:22:42,0,192,20.1
_二期_供水泵房_5#加压泵__温度_通道6_反馈,2025-02-28 02:22:43,0,192,20.1
_二期_供水泵房_5#加压泵__温度_通道6_反馈,2025-02-28 02:22:44,0,192,20.1
_二期_供水泵房_5#加压泵__温度_通道6_反馈,2025-02-28 02:22:45,0,192,20.1
_二期_供水泵房_5#加压泵__温度_通道6_反馈,2025-02-28 02:22:46,0,192,20.1
_二期_供水泵房_5#加压泵__温度_通道6_反馈,2025-02-28 02:22:47,0,192,20.1
_二期_供水泵房_5#加压泵__温度_通道6_反馈,2025-02-28 02:22:48,0,192,20.1
_二期_供水泵房_5#加压泵__温度_通道6_反馈,2025-02-28 02:22:49,0,192,20.1
_二期_供水泵房_5#加压泵__温度_通道6_反馈,2025-02-28 02:22:50,0,192,20.1
_二期_供水泵房_5#加压泵__温度_通道6_反馈,2025-02-28 02:22:51,0,192,20.1
_二期_供水泵房_5#加压泵__温度_通道6_反馈,2025-02-28 02:22:52,0,192,20.1
_二期_供水泵房_5#加压泵__温度_通道6_反馈,2025-02-28 02:22:53,0,192,20.1
_二期_供水泵房_5#加压泵__温度_通道6_反馈,2025-02-28 02:22:54,0,192,20.1
_二期_供水泵房_5#加压泵__温度_通道6_反馈,2025-02-28 02:22:55,0,192,20.1
_二期_供水泵房_5#加压泵__温度_通道6_反馈,2025-02-28 02:22:56,0,192,20.1
_二期_供水泵房_5#加压泵__温度_通道6_反馈,2025-02-28 02:22:57,0,192,20.1
_二期_供水泵房_5#加压泵__温度_通道6_反馈,2025-02-28 02:22:58,0,192,20.1
_二期_供水泵房_5#加压泵__温度_通道6_反馈,2025-02-28 02:22:59,0,192,20.1
_二期_供水泵房_5#加压泵__温度_通道6_反馈,2025-02-28 02:23:00,0,192,20.1
_二期_供水泵房_5#加压泵__温度_通道6_反馈,2025-02-28 02:23:01,0,192,20.1
_二期_供水泵房_5#加压泵__温度_通道6_反馈,2025-02-28 02:23:02,0,192,20.1
_二期_供水泵房_5#加压泵__温度_通道6_反馈,2025-02-28 02:23:03,0,192,20.1
_二期_供水泵房_5#加压泵__温度_通道6_反馈,2025-02-28 02:23:04,0,192,20.1
_二期_供水泵房_5#加压泵__温度_通道6_反馈,2025-02-28 02:23:05,0,192,20.1
_二期_供水泵房_5#加压泵__温度_通道6_反馈,2025-02-28 02:23:06,0,192,20.1
_二期_供水泵房_5#加压泵__温度_通道6_反馈,2025-02-28 02:23:07,0,192,20.1
_二期_供水泵房_5#加压泵__温度_通道6_反馈,2025-02-28 02:23:08,0,192,20.1
_二期_供水泵房_5#加压泵__温度_通道6_反馈,2025-02-28 02:23:09,0,192,20.1
_二期_供水泵房_5#加压泵__温度_通道6_反馈,2025-02-28 02:23:10,0,192,20.1
_二期_供水泵房_5#加压泵__温度_通道6_反馈,2025-02-28 02:23:11,0,192,20.1
_二期_供水泵房_5#加压泵__温度_通道6_反馈,2025-02-28 02:23:12,0,192,20.1
_二期_供水泵房_5#加压泵__温度_通道6_反馈,2025-02-28 02:23:13,0,192,20.1
_二期_供水泵房_5#加压泵__温度_通道6_反馈,2025-02-28 02:23:14,0,192,20.1
_二期_供水泵房_5#加压泵__温度_通道6_反馈,2025-02-28 02:23:15,0,192,20.1
_二期_供水泵房_5#加压泵__温度_通道6_反馈,2025-02-28 02:23:16,0,192,20.1
_二期_供水泵房_5#加压泵__温度_通道6_反馈,2025-02-28 02:23:17,0,192,20.1
_二期_供水泵房_5#加压泵__温度_通道6_反馈,2025-02-28 02:23:18,0,192,20.1
_二期_供水泵房_5#加压泵__温度_通道6_反馈,2025-02-28 02:23:19,0,192,20.1
_二期_供水泵房_5#加压泵__温度_通道6_反馈,2025-02-28 02:23:20,0,192,20.1
_二期_供水泵房_5#加压泵__温度_通道6_反馈,2025-02-28 02:23:21,0,192,20.1
_二期_供水泵房_5#加压泵__温度_通道6_反馈,2025-02-28 02:23:22,0,192,20.1
_二期_供水泵房_5#加压泵__温度_通道6_反馈,2025-02-28 02:23:23,0,192,20.1
_二期_供水泵房_5#加压泵__温度_通道6_反馈,2025-02-28 02:23:24,0,192,20.1
_二期_供水泵房_5#加压泵__温度_通道6_反馈,2025-02-28 02:23:25,0,192,20.1
_二期_供水泵房_5#加压泵__温度_通道6_反馈,2025-02-28 02:23:26,0,192,20.1
_二期_供水泵房_5#加压泵__温度_通道6_反馈,2025-02-28 02:23:27,0,192,20.1
_二期_供水泵房_5#加压泵__温度_通道6_反馈,2025-02-28 02:23:28,0,192,20.1
_二期_供水泵房_5#加压泵__温度_通道6_反馈,2025-02-28 02:23:29,0,192,20.1
_二期_供水泵房_5#加压泵__温度_通道6_反馈,2025-02-28 02:23:30,0,192,20.1
_二期_供水泵房_5#加压泵__温度_通道6_反馈,2025-02-28 02:23:31,0,192,20.1
_二期_供水泵房_5#加压泵__温度_通道6_反馈,2025-02-28 02:23:32,0,192,20.1
_二期_供水泵房_5#加压泵__温度_通道6_反馈,2025-02-28 02:23:33,0,192,20.1
_二期_供水泵房_5#加压泵__温度_通道6_反馈,2025-02-28 02:23:34,0,192,20.1
_二期_供水泵房_5#加压泵__温度_通道6_反馈,2025-02-28 02:23:35,0,192,20.1
_二期_供水泵房_5#加压泵__温度_通道6_反馈,2025-02-28 02:23:36,0,192,20.1
_二期_供水泵房_5#加压泵__温度_通道6_反馈,2025-02-28 02:23:37,0,192,20.1
_二期_供水泵房_5#加压泵__温度_通道6_反馈,2025-02-28 02:23:38,0,192,20.1
_二期_供水泵房_5#加压泵__温度_通道6_反馈,2025-02-28 02:23:39,0,192,20.1
_二期_供水泵房_5#加压泵__温度_通道6_反馈,2025-02-28 02:23:40,0,192,20.1
_二期_供水泵房_5#加压泵__温度_通道6_反馈,2025-02-28 02:23:41,0,192,20.1
_二期_供水泵房_5#加压泵__温度_通道6_反馈,2025-02-28 02:23:42,0,192,20.1
_二期_供水泵房_5#加压泵__温度_通道6_反馈,2025-02-28 02:23:43,0,192,20.1
_二期_供水泵房_5#加压泵__温度_通道6_反馈,2025-02-28 02:23:44,0,192,20.1
_二期_供水泵房_5#加压泵__温度_通道6_反馈,2025-02-28 02:23:45,0,192,20.1
_二期_供水泵房_5#加压泵__温度_通道6_反馈,2025-02-28 02:23:46,0,192,20.1
_二期_供水泵房_5#加压泵__温度_通道6_反馈,2025-02-28 02:23:47,0,192,20.1
_二期_供水泵房_5#加压泵__温度_通道6_反馈,2025-02-28 02:23:48,0,192,20.1
_二期_供水泵房_5#加压泵__温度_通道6_反馈,2025-02-28 02:23:49,0,192,20.1
_二期_供水泵房_5#加压泵__温度_通道6_反馈,2025-02-28 02:23:50,0,192,20.1
_二期_供水泵房_5#加压泵__温度_通道6_反馈,2025-02-28 02:23:51,0,192,20.1
_二期_供水泵房_5#加压泵__温度_通道6_反馈,2025-02-28 02:23:52,0,192,20.1
_二期_供水泵房_5#加压泵__温度_通道6_反馈,2025-02-28 02:23:53,0,192,20.1
_二期_供水泵房_5#加压泵__温度_通道6_反馈,2025-02-28 02:23:54,0,192,20.1
_二期_供水泵房_5#加压泵__温度_通道6_反馈,2025-02-28 02:23:55,0,192,20.1
_二期_供水泵房_5#加压泵__温度_通道6_反馈,2025-02-28 02:23:56,0,192,20.1
_二期_供水泵房_5#加压泵__温度_通道6_反馈,2025-02-28 02:23:57,0,192,20.1
_二期_供水泵房_5#加压泵__温度_通道6_反馈,2025-02-28 02:23:58,0,192,20.1
_二期_供水泵房_5#加压泵__温度_通道6_反馈,2025-02-28 02:23:59,0,192,20.1
_二期_供水泵房_5#加压泵__温度_通道6_反馈,2025-02-28 02:24:00,0,192,20.1
_二期_供水泵房_5#加压泵__温度_通道6_反馈,2025-02-28 02:24:01,0,192,20.1
_二期_供水泵房_5#加压泵__温度_通道6_反馈,2025-02-28 02:24:02,0,192,20.1
_二期_供水泵房_5#加压泵__温度_通道6_反馈,2025-02-28 02:24:03,0,192,20.1
_二期_供水泵房_5#加压泵__温度_通道6_反馈,2025-02-28 02:24:04,0,192,20.1
_二期_供水泵房_5#加压泵__温度_通道6_反馈,2025-02-28 02:24:05,0,192,20.1
_二期_供水泵房_5#加压泵__温度_通道6_反馈,2025-02-28 02:24:06,0,192,20.1
_二期_供水泵房_5#加压泵__温度_通道6_反馈,2025-02-28 02:24:07,0,192,20.1
_二期_供水泵房_5#加压泵__温度_通道6_反馈,2025-02-28 02:24:08,0,192,20.1
_二期_供水泵房_5#加压泵__温度_通道6_反馈,2025-02-28 02:24:09,0,192,20.1
_二期_供水泵房_5#加压泵__温度_通道6_反馈,2025-02-28 02:24:10,0,192,20.1
_二期_供水泵房_5#加压泵__温度_通道6_反馈,2025-02-28 02:24:11,0,192,20.1
_二期_供水泵房_5#加压泵__温度_通道6_反馈,2025-02-28 02:24:12,0,192,20.1
_二期_供水泵房_5#加压泵__温度_通道6_反馈,2025-02-28 02:24:13,0,192,20.1
_二期_供水泵房_5#加压泵__温度_通道6_反馈,2025-02-28 02:24:14,0,192,20.1
_二期_供水泵房_5#加压泵__温度_通道6_反馈,2025-02-28 02:24:15,0,192,20.1
_二期_供水泵房_5#加压泵__温度_通道6_反馈,2025-02-28 02:24:16,0,192,20.1
_二期_供水泵房_5#加压泵__温度_通道6_反馈,2025-02-28 02:24:17,0,192,20.1
_二期_供水泵房_5#加压泵__温度_通道6_反馈,2025-02-28 02:24:18,0,192,20.1
_二期_供水泵房_5#加压泵__温度_通道6_反馈,2025-02-28 02:24:19,0,192,20.1
_二期_供水泵房_5#加压泵__温度_通道6_反馈,2025-02-28 02:24:20,0,192,20.1
_二期_供水泵房_5#加压泵__温度_通道6_反馈,2025-02-28 02:24:21,0,192,20.1
_二期_供水泵房_5#加压泵__温度_通道6_反馈,2025-02-28 02:24:22,0,192,20.1
_二期_供水泵房_5#加压泵__温度_通道6_反馈,2025-02-28 02:24:23,0,192,20.1
_二期_供水泵房_5#加压泵__温度_通道6_反馈,2025-02-28 02:24:24,0,192,20.1
_二期_供水泵房_5#加压泵__温度_通道6_反馈,2025-02-28 02:24:25,0,192,20.1
_二期_供水泵房_5#加压泵__温度_通道6_反馈,2025-02-28 02:24:26,0,192,20.1
_二期_供水泵房_5#加压泵__温度_通道6_反馈,2025-02-28 02:24:27,0,192,20.1
_二期_供水泵房_5#加压泵__温度_通道6_反馈,2025-02-28 02:24:28,0,192,20.1
_二期_供水泵房_5#加压泵__温度_通道6_反馈,2025-02-28 02:24:29,0,192,20.1
_二期_供水泵房_5#加压泵__温度_通道6_反馈,2025-02-28 02:24:30,0,192,20.1
_二期_供水泵房_5#加压泵__温度_通道6_反馈,2025-02-28 02:24:31,0,192,20.1
_二期_供水泵房_5#加压泵__温度_通道6_反馈,2025-02-28 02:24:32,0,192,20.1
_二期_供水泵房_5#加压泵__温度_通道6_反馈,2025-02-28 02:24:33,0,192,20.1
_二期_供水泵房_5#加压泵__温度_通道6_反馈,2025-02-28 02:24:34,0,192,20.1
_二期_供水泵房_5#加压泵__温度_通道6_反馈,2025-02-28 02:24:35,0,192,20.1
_二期_供水泵房_5#加压泵__温度_通道6_反馈,2025-02-28 02:24:36,0,192,20.1
_二期_供水泵房_5#加压泵__温度_通道6_反馈,2025-02-28 02:24:37,0,192,20.1
_二期_供水泵房_5#加压泵__温度_通道6_反馈,2025-02-28 02:24:38,0,192,20.1
_二期_供水泵房_5#加压泵__温度_通道6_反馈,2025-02-28 02:24:39,0,192,20.1
_二期_供水泵房_5#加压泵__温度_通道6_反馈,2025-02-28 02:24:40,0,192,20.1
_二期_供水泵房_5#加压泵__温度_通道6_反馈,2025-02-28 02:24:41,0,192,20.1
_二期_供水泵房_5#加压泵__温度_通道6_反馈,2025-02-28 02:24:42,0,192,20.1
_二期_供水泵房_5#加压泵__温度_通道6_反馈,2025-02-28 02:24:43,0,192,20.1
_二期_供水泵房_5#加压泵__温度_通道6_反馈,2025-02-28 02:24:44,0,192,20.1
_二期_供水泵房_5#加压泵__温度_通道6_反馈,2025-02-28 02:24:45,0,192,20.1
_二期_供水泵房_5#加压泵__温度_通道6_反馈,2025-02-28 02:24:46,0,192,20.1
_二期_供水泵房_5#加压泵__温度_通道6_反馈,2025-02-28 02:24:47,0,192,20.1
_二期_供水泵房_5#加压泵__温度_通道6_反馈,2025-02-28 02:24:48,0,192,20.1
_二期_供水泵房_5#加压泵__温度_通道6_反馈,2025-02-28 02:24:49,0,192,20.1
_二期_供水泵房_5#加压泵__温度_通道6_反馈,2025-02-28 02:24:50,0,192,20.1
_二期_供水泵房_5#加压泵__温度_通道6_反馈,2025-02-28 02:24:51,0,192,20.1
_二期_供水泵房_5#加压泵__温度_通道6_反馈,2025-02-28 02:24:52,0,192,20.1
_二期_供水泵房_5#加压泵__温度_通道6_反馈,2025-02-28 02:24:53,0,192,20.1
_二期_供水泵房_5#加压泵__温度_通道6_反馈,2025-02-28 02:24:54,0,192,20.1
_二期_供水泵房_5#加压泵__温度_通道6_反馈,2025-02-28 02:24:55,0,192,20.1
_二期_供水泵房_5#加压泵__温度_通道6_反馈,2025-02-28 02:24:56,0,192,20.1
_二期_供水泵房_5#加压泵__温度_通道6_反馈,2025-02-28 02:24:57,0,192,20.1
_二期_供水泵房_5#加压泵__温度_通道6_反馈,2025-02-28 02:24:58,0,192,20.1
_二期_供水泵房_5#加压泵__温度_通道6_反馈,2025-02-28 02:24:59,0,192,20.1
_二期_供水泵房_5#加压泵__温度_通道6_反馈,2025-02-28 02:25:00,0,192,20.1
_二期_供水泵房_5#加压泵__温度_通道6_反馈,2025-02-28 02:25:01,0,192,20.1
_二期_供水泵房_5#加压泵__温度_通道6_反馈,2025-02-28 02:25:02,0,192,20.1
_二期_供水泵房_5#加压泵__温度_通道6_反馈,2025-02-28 02:25:03,0,192,20.1
_二期_供水泵房_5#加压泵__温度_通道6_反馈,2025-02-28 02:25:04,0,192,20.1
_二期_供水泵房_5#加压泵__温度_通道6_反馈,2025-02-28 02:25:05,0,192,20.1
_二期_供水泵房_5#加压泵__温度_通道6_反馈,2025-02-28 02:25:06,0,192,20.1
_二期_供水泵房_5#加压泵__温度_通道6_反馈,2025-02-28 02:25:07,0,192,20.1
_二期_供水泵房_5#加压泵__温度_通道6_反馈,2025-02-28 02:25:08,0,192,20.1
_二期_供水泵房_5#加压泵__温度_通道6_反馈,2025-02-28 02:25:09,0,192,20.1
_二期_供水泵房_5#加压泵__温度_通道6_反馈,2025-02-28 02:25:10,0,192,20.1
_二期_供水泵房_5#加压泵__温度_通道6_反馈,2025-02-28 02:25:11,0,192,20.1
_二期_供水泵房_5#加压泵__温度_通道6_反馈,2025-02-28 02:25:12,0,192,20.1
_二期_供水泵房_5#加压泵__温度_通道6_反馈,2025-02-28 02:25:13,0,192,20.1
_二期_供水泵房_5#加压泵__温度_通道6_反馈,2025-02-28 02:25:14,0,192,20.1
_二期_供水泵房_5#加压泵__温度_通道6_反馈,2025-02-28 02:25:15,0,192,20.1
_二期_供水泵房_5#加压泵__温度_通道6_反馈,2025-02-28 02:25:16,0,192,20.1
_二期_供水泵房_5#加压泵__温度_通道6_反馈,2025-02-28 02:25:17,0,192,20.1
_二期_供水泵房_5#加压泵__温度_通道6_反馈,2025-02-28 02:25:18,0,192,20.1
_二期_供水泵房_5#加压泵__温度_通道6_反馈,2025-02-28 02:25:19,0,192,20.1
_二期_供水泵房_5#加压泵__温度_通道6_反馈,2025-02-28 02:25:20,0,192,20.1
_二期_供水泵房_5#加压泵__温度_通道6_反馈,2025-02-28 02:25:21,0,192,20.1
_二期_供水泵房_5#加压泵__温度_通道6_反馈,2025-02-28 02:25:22,0,192,20.1
_二期_供水泵房_5#加压泵__温度_通道6_反馈,2025-02-28 02:25:23,0,192,20.1
_二期_供水泵房_5#加压泵__温度_通道6_反馈,2025-02-28 02:25:24,0,192,20.1
_二期_供水泵房_5#加压泵__温度_通道6_反馈,2025-02-28 02:25:25,0,192,20.1
_二期_供水泵房_5#加压泵__温度_通道6_反馈,2025-02-28 02:25:26,0,192,20.1
_二期_供水泵房_5#加压泵__温度_通道6_反馈,2025-02-28 02:25:27,0,192,20.1
_二期_供水泵房_5#加压泵__温度_通道6_反馈,2025-02-28 02:25:28,0,192,20.1
_二期_供水泵房_5#加压泵__温度_通道6_反馈,2025-02-28 02:25:29,0,192,20.1
_二期_供水泵房_5#加压泵__温度_通道6_反馈,2025-02-28 02:25:30,0,192,20.1
_二期_供水泵房_5#加压泵__温度_通道6_反馈,2025-02-28 02:25:31,0,192,20.1
_二期_供水泵房_5#加压泵__温度_通道6_反馈,2025-02-28 02:25:32,0,192,20.1
_二期_供水泵房_5#加压泵__温度_通道6_反馈,2025-02-28 02:25:33,0,192,20.1
_二期_供水泵房_5#加压泵__温度_通道6_反馈,2025-02-28 02:25:34,0,192,20.1
_二期_供水泵房_5#加压泵__温度_通道6_反馈,2025-02-28 02:25:35,0,192,20.1
_二期_供水泵房_5#加压泵__温度_通道6_反馈,2025-02-28 02:25:36,0,192,20.1
_二期_供水泵房_5#加压泵__温度_通道6_反馈,2025-02-28 02:25:37,0,192,20.1
_二期_供水泵房_5#加压泵__温度_通道6_反馈,2025-02-28 02:25:38,0,192,20.1
_二期_供水泵房_5#加压泵__温度_通道6_反馈,2025-02-28 02:25:39,0,192,20.1
_二期_供水泵房_5#加压泵__温度_通道6_反馈,2025-02-28 02:25:40,0,192,20.1
_二期_供水泵房_5#加压泵__温度_通道6_反馈,2025-02-28 02:25:41,0,192,20.1
_二期_供水泵房_5#加压泵__温度_通道6_反馈,2025-02-28 02:25:42,0,192,20.1
_二期_供水泵房_5#加压泵__温度_通道6_反馈,2025-02-28 02:25:43,0,192,20.1
_二期_供水泵房_5#加压泵__温度_通道6_反馈,2025-02-28 02:25:44,0,192,20.1
_二期_供水泵房_5#加压泵__温度_通道6_反馈,2025-02-28 02:25:45,0,192,20.1
_二期_供水泵房_5#加压泵__温度_通道6_反馈,2025-02-28 02:25:46,0,192,20.1
_二期_供水泵房_5#加压泵__温度_通道6_反馈,2025-02-28 02:25:47,0,192,20.1
_二期_供水泵房_5#加压泵__温度_通道6_反馈,2025-02-28 02:25:48,0,192,20.1
_二期_供水泵房_5#加压泵__温度_通道6_反馈,2025-02-28 02:25:49,0,192,20.1
_二期_供水泵房_5#加压泵__温度_通道6_反馈,2025-02-28 02:25:50,0,192,20.1
_二期_供水泵房_5#加压泵__温度_通道6_反馈,2025-02-28 02:25:51,0,192,20.1
_二期_供水泵房_5#加压泵__温度_通道6_反馈,2025-02-28 02:25:52,0,192,20.1
_二期_供水泵房_5#加压泵__温度_通道6_反馈,2025-02-28 02:25:53,0,192,20.1
_二期_供水泵房_5#加压泵__温度_通道6_反馈,2025-02-28 02:25:54,0,192,20.1
_二期_供水泵房_5#加压泵__温度_通道6_反馈,2025-02-28 02:25:55,0,192,20.1
_二期_供水泵房_5#加压泵__温度_通道6_反馈,2025-02-28 02:25:56,0,192,20.1
_二期_供水泵房_5#加压泵__温度_通道6_反馈,2025-02-28 02:25:57,0,192,20.1
_二期_供水泵房_5#加压泵__温度_通道6_反馈,2025-02-28 02:25:58,0,192,20.1
_二期_供水泵房_5#加压泵__温度_通道6_反馈,2025-02-28 02:25:59,0,192,20.1
_二期_供水泵房_5#加压泵__温度_通道6_反馈,2025-02-28 02:26:00,0,192,20.1
_二期_供水泵房_5#加压泵__温度_通道6_反馈,2025-02-28 02:26:01,0,192,20.1
_二期_供水泵房_5#加压泵__温度_通道6_反馈,2025-02-28 02:26:02,0,192,20.1
_二期_供水泵房_5#加压泵__温度_通道6_反馈,2025-02-28 02:26:03,0,192,20.1
_二期_供水泵房_5#加压泵__温度_通道6_反馈,2025-02-28 02:26:04,0,192,20.1
_二期_供水泵房_5#加压泵__温度_通道6_反馈,2025-02-28 02:26:05,0,192,20.1
_二期_供水泵房_5#加压泵__温度_通道6_反馈,2025-02-28 02:26:06,0,192,20.1
_二期_供水泵房_5#加压泵__温度_通道6_反馈,2025-02-28 02:26:07,0,192,20.1
_二期_供水泵房_5#加压泵__温度_通道6_反馈,2025-02-28 02:26:08,0,192,20.1
_二期_供水泵房_5#加压泵__温度_通道6_反馈,2025-02-28 02:26:09,0,192,20.1
_二期_供水泵房_5#加压泵__温度_通道6_反馈,2025-02-28 02:26:10,0,192,20.1
_二期_供水泵房_5#加压泵__温度_通道6_反馈,2025-02-28 02:26:11,0,192,20.1
_二期_供水泵房_5#加压泵__温度_通道6_反馈,2025-02-28 02:26:12,0,192,20.1
_二期_供水泵房_5#加压泵__温度_通道6_反馈,2025-02-28 02:26:13,0,192,20.1
_二期_供水泵房_5#加压泵__温度_通道6_反馈,2025-02-28 02:26:14,0,192,20.1
_二期_供水泵房_5#加压泵__温度_通道6_反馈,2025-02-28 02:26:15,0,192,20.1
_二期_供水泵房_5#加压泵__温度_通道6_反馈,2025-02-28 02:26:16,0,192,20.1
_二期_供水泵房_5#加压泵__温度_通道6_反馈,2025-02-28 02:26:17,0,192,20.1
_二期_供水泵房_5#加压泵__温度_通道6_反馈,2025-02-28 02:26:18,0,192,20.1
_二期_供水泵房_5#加压泵__温度_通道6_反馈,2025-02-28 02:26:19,0,192,20.1
_二期_供水泵房_5#加压泵__温度_通道6_反馈,2025-02-28 02:26:20,0,192,20.1
_二期_供水泵房_5#加压泵__温度_通道6_反馈,2025-02-28 02:26:21,0,192,20.1
_二期_供水泵房_5#加压泵__温度_通道6_反馈,2025-02-28 02:26:22,0,192,20.1
_二期_供水泵房_5#加压泵__温度_通道6_反馈,2025-02-28 02:26:23,0,192,20.1
_二期_供水泵房_5#加压泵__温度_通道6_反馈,2025-02-28 02:26:24,0,192,20.1
_二期_供水泵房_5#加压泵__温度_通道6_反馈,2025-02-28 02:26:25,0,192,20.1
_二期_供水泵房_5#加压泵__温度_通道6_反馈,2025-02-28 02:26:26,0,192,20.1
_二期_供水泵房_5#加压泵__温度_通道6_反馈,2025-02-28 02:26:27,0,192,20.1
_二期_供水泵房_5#加压泵__温度_通道6_反馈,2025-02-28 02:26:28,0,192,20.1
_二期_供水泵房_5#加压泵__温度_通道6_反馈,2025-02-28 02:26:29,0,192,20.1
_二期_供水泵房_5#加压泵__温度_通道6_反馈,2025-02-28 02:26:30,0,192,20.1
_二期_供水泵房_5#加压泵__温度_通道6_反馈,2025-02-28 02:26:31,0,192,20.1
_二期_供水泵房_5#加压泵__温度_通道6_反馈,2025-02-28 02:26:32,0,192,20.1
_二期_供水泵房_5#加压泵__温度_通道6_反馈,2025-02-28 02:26:33,0,192,20.1
_二期_供水泵房_5#加压泵__温度_通道6_反馈,2025-02-28 02:26:34,0,192,20.1
_二期_供水泵房_5#加压泵__温度_通道6_反馈,2025-02-28 02:26:35,0,192,20.1
_二期_供水泵房_5#加压泵__温度_通道6_反馈,2025-02-28 02:26:36,0,192,20.1
_二期_供水泵房_5#加压泵__温度_通道6_反馈,2025-02-28 02:26:37,0,192,20.1
_二期_供水泵房_5#加压泵__温度_通道6_反馈,2025-02-28 02:26:38,0,192,20.1
_二期_供水泵房_5#加压泵__温度_通道6_反馈,2025-02-28 02:26:39,0,192,20.1
_二期_供水泵房_5#加压泵__温度_通道6_反馈,2025-02-28 02:26:40,0,192,20.1
_二期_供水泵房_5#加压泵__温度_通道6_反馈,2025-02-28 02:26:41,0,192,20.1
_二期_供水泵房_5#加压泵__温度_通道6_反馈,2025-02-28 02:26:42,0,192,20.1
_二期_供水泵房_5#加压泵__温度_通道6_反馈,2025-02-28 02:26:43,0,192,20.1
_二期_供水泵房_5#加压泵__温度_通道6_反馈,2025-02-28 02:26:44,0,192,20.1
_二期_供水泵房_5#加压泵__温度_通道6_反馈,2025-02-28 02:26:45,0,192,20.1
_二期_供水泵房_5#加压泵__温度_通道6_反馈,2025-02-28 02:26:46,0,192,20.1
_二期_供水泵房_5#加压泵__温度_通道6_反馈,2025-02-28 02:26:47,0,192,20.1
_二期_供水泵房_5#加压泵__温度_通道6_反馈,2025-02-28 02:26:48,0,192,20.1
_二期_供水泵房_5#加压泵__温度_通道6_反馈,2025-02-28 02:26:49,0,192,20.1
_二期_供水泵房_5#加压泵__温度_通道6_反馈,2025-02-28 02:26:50,0,192,20.1
_二期_供水泵房_5#加压泵__温度_通道6_反馈,2025-02-28 02:26:51,0,192,20.1
_二期_供水泵房_5#加压泵__温度_通道6_反馈,2025-02-28 02:26:52,0,192,20.1
_二期_供水泵房_5#加压泵__温度_通道6_反馈,2025-02-28 02:26:53,0,192,20.1
_二期_供水泵房_5#加压泵__温度_通道6_反馈,2025-02-28 02:26:54,0,192,20.1
_二期_供水泵房_5#加压泵__温度_通道6_反馈,2025-02-28 02:26:55,0,192,20.1
_二期_供水泵房_5#加压泵__温度_通道6_反馈,2025-02-28 02:26:56,0,192,20.1
_二期_供水泵房_5#加压泵__温度_通道6_反馈,2025-02-28 02:26:57,0,192,20.1
_二期_供水泵房_5#加压泵__温度_通道6_反馈,2025-02-28 02:26:58,0,192,20.1
_二期_供水泵房_5#加压泵__温度_通道6_反馈,2025-02-28 02:26:59,0,192,20.1
_二期_供水泵房_5#加压泵__温度_通道6_反馈,2025-02-28 02:27:00,0,192,20.1
_二期_供水泵房_5#加压泵__温度_通道6_反馈,2025-02-28 02:27:01,0,192,20.1
_二期_供水泵房_5#加压泵__温度_通道6_反馈,2025-02-28 02:27:02,0,192,20.1
_二期_供水泵房_5#加压泵__温度_通道6_反馈,2025-02-28 02:27:03,0,192,20.1
_二期_供水泵房_5#加压泵__温度_通道6_反馈,2025-02-28 02:27:04,0,192,20.1
_二期_供水泵房_5#加压泵__温度_通道6_反馈,2025-02-28 02:27:05,0,192,20.1
_二期_供水泵房_5#加压泵__温度_通道6_反馈,2025-02-28 02:27:06,0,192,20.1
_二期_供水泵房_5#加压泵__温度_通道6_反馈,2025-02-28 02:27:07,0,192,20.1
_二期_供水泵房_5#加压泵__温度_通道6_反馈,2025-02-28 02:27:08,0,192,20.1
_二期_供水泵房_5#加压泵__温度_通道6_反馈,2025-02-28 02:27:09,0,192,20.1
_二期_供水泵房_5#加压泵__温度_通道6_反馈,2025-02-28 02:27:10,0,192,20.1
_二期_供水泵房_5#加压泵__温度_通道6_反馈,2025-02-28 02:27:11,0,192,20.1
_二期_供水泵房_5#加压泵__温度_通道6_反馈,2025-02-28 02:27:12,0,192,20.1
_二期_供水泵房_5#加压泵__温度_通道6_反馈,2025-02-28 02:27:13,0,192,20.1
_二期_供水泵房_5#加压泵__温度_通道6_反馈,2025-02-28 02:27:14,0,192,20.1
_二期_供水泵房_5#加压泵__温度_通道6_反馈,2025-02-28 02:27:15,0,192,20.1
_二期_供水泵房_5#加压泵__温度_通道6_反馈,2025-02-28 02:27:16,0,192,20.1
_二期_供水泵房_5#加压泵__温度_通道6_反馈,2025-02-28 02:27:17,0,192,20.1
_二期_供水泵房_5#加压泵__温度_通道6_反馈,2025-02-28 02:27:18,0,192,20.1
_二期_供水泵房_5#加压泵__温度_通道6_反馈,2025-02-28 02:27:19,0,192,20.1
_二期_供水泵房_5#加压泵__温度_通道6_反馈,2025-02-28 02:27:20,0,192,20.1
_二期_供水泵房_5#加压泵__温度_通道6_反馈,2025-02-28 02:27:21,0,192,20.1
_二期_供水泵房_5#加压泵__温度_通道6_反馈,2025-02-28 02:27:22,0,192,20.1
_二期_供水泵房_5#加压泵__温度_通道6_反馈,2025-02-28 02:27:23,0,192,20.1
_二期_供水泵房_5#加压泵__温度_通道6_反馈,2025-02-28 02:27:24,0,192,20.1
_二期_供水泵房_5#加压泵__温度_通道6_反馈,2025-02-28 02:27:25,0,192,20.1
_二期_供水泵房_5#加压泵__温度_通道6_反馈,2025-02-28 02:27:26,0,192,20.1
_二期_供水泵房_5#加压泵__温度_通道6_反馈,2025-02-28 02:27:27,0,192,20.1
_二期_供水泵房_5#加压泵__温度_通道6_反馈,2025-02-28 02:27:28,0,192,20.1
_二期_供水泵房_5#加压泵__温度_通道6_反馈,2025-02-28 02:27:29,0,192,20.1
_二期_供水泵房_5#加压泵__温度_通道6_反馈,2025-02-28 02:27:30,0,192,20.1
_二期_供水泵房_5#加压泵__温度_通道6_反馈,2025-02-28 02:27:31,0,192,20.1
_二期_供水泵房_5#加压泵__温度_通道6_反馈,2025-02-28 02:27:32,0,192,20.1
_二期_供水泵房_5#加压泵__温度_通道6_反馈,2025-02-28 02:27:33,0,192,20.1
_二期_供水泵房_5#加压泵__温度_通道6_反馈,2025-02-28 02:27:34,0,192,20.1
_二期_供水泵房_5#加压泵__温度_通道6_反馈,2025-02-28 02:27:35,0,192,20.1
_二期_供水泵房_5#加压泵__温度_通道6_反馈,2025-02-28 02:27:36,0,192,20.1
_二期_供水泵房_5#加压泵__温度_通道6_反馈,2025-02-28 02:27:37,0,192,20.1
_二期_供水泵房_5#加压泵__温度_通道6_反馈,2025-02-28 02:27:38,0,192,20.1
_二期_供水泵房_5#加压泵__温度_通道6_反馈,2025-02-28 02:27:39,0,192,20.1
_二期_供水泵房_5#加压泵__温度_通道6_反馈,2025-02-28 02:27:40,0,192,20.1
_二期_供水泵房_5#加压泵__温度_通道6_反馈,2025-02-28 02:27:41,0,192,20.1
_二期_供水泵房_5#加压泵__温度_通道6_反馈,2025-02-28 02:27:42,0,192,20.1
_二期_供水泵房_5#加压泵__温度_通道6_反馈,2025-02-28 02:27:43,0,192,20.1
_二期_供水泵房_5#加压泵__温度_通道6_反馈,2025-02-28 02:27:44,0,192,20.1
_二期_供水泵房_5#加压泵__温度_通道6_反馈,2025-02-28 02:27:45,0,192,20.1
_二期_供水泵房_5#加压泵__温度_通道6_反馈,2025-02-28 02:27:46,0,192,20.1
_二期_供水泵房_5#加压泵__温度_通道6_反馈,2025-02-28 02:27:47,0,192,20.1
_二期_供水泵房_5#加压泵__温度_通道6_反馈,2025-02-28 02:27:48,0,192,20.1
_二期_供水泵房_5#加压泵__温度_通道6_反馈,2025-02-28 02:27:49,0,192,20.1
_二期_供水泵房_5#加压泵__温度_通道6_反馈,2025-02-28 02:27:50,0,192,20.1
_二期_供水泵房_5#加压泵__温度_通道6_反馈,2025-02-28 02:27:51,0,192,20.1
_二期_供水泵房_5#加压泵__温度_通道6_反馈,2025-02-28 02:27:52,0,192,20.1
_二期_供水泵房_5#加压泵__温度_通道6_反馈,2025-02-28 02:27:53,0,192,20.1
_二期_供水泵房_5#加压泵__温度_通道6_反馈,2025-02-28 02:27:54,0,192,20.1
_二期_供水泵房_5#加压泵__温度_通道6_反馈,2025-02-28 02:27:55,0,192,20.1
_二期_供水泵房_5#加压泵__温度_通道6_反馈,2025-02-28 02:27:56,0,192,20.1
_二期_供水泵房_5#加压泵__温度_通道6_反馈,2025-02-28 02:27:57,0,192,20.1
_二期_供水泵房_5#加压泵__温度_通道6_反馈,2025-02-28 02:27:58,0,192,20.1
_二期_供水泵房_5#加压泵__温度_通道6_反馈,2025-02-28 02:27:59,0,192,20.1
_二期_供水泵房_5#加压泵__温度_通道6_反馈,2025-02-28 02:28:00,0,192,20.1
_二期_供水泵房_5#加压泵__温度_通道6_反馈,2025-02-28 02:28:01,0,192,20.1
_二期_供水泵房_5#加压泵__温度_通道6_反馈,2025-02-28 02:28:02,0,192,20.1
_二期_供水泵房_5#加压泵__温度_通道6_反馈,2025-02-28 02:28:03,0,192,20.1
_二期_供水泵房_5#加压泵__温度_通道6_反馈,2025-02-28 02:28:04,0,192,20.1
_二期_供水泵房_5#加压泵__温度_通道6_反馈,2025-02-28 02:28:05,0,192,20.1
_二期_供水泵房_5#加压泵__温度_通道6_反馈,2025-02-28 02:28:06,0,192,20.1
_二期_供水泵房_5#加压泵__温度_通道6_反馈,2025-02-28 02:28:07,0,192,20.1
_二期_供水泵房_5#加压泵__温度_通道6_反馈,2025-02-28 02:28:08,0,192,20.1
_二期_供水泵房_5#加压泵__温度_通道6_反馈,2025-02-28 02:28:09,0,192,20.1
_二期_供水泵房_5#加压泵__温度_通道6_反馈,2025-02-28 02:28:10,0,192,20.1
_二期_供水泵房_5#加压泵__温度_通道6_反馈,2025-02-28 02:28:11,0,192,20.1
_二期_供水泵房_5#加压泵__温度_通道6_反馈,2025-02-28 02:28:12,0,192,20.1
_二期_供水泵房_5#加压泵__温度_通道6_反馈,2025-02-28 02:28:13,0,192,20.1
_二期_供水泵房_5#加压泵__温度_通道6_反馈,2025-02-28 02:28:14,0,192,20.1
_二期_供水泵房_5#加压泵__温度_通道6_反馈,2025-02-28 02:28:15,0,192,20.1
_二期_供水泵房_5#加压泵__温度_通道6_反馈,2025-02-28 02:28:16,0,192,20.1
_二期_供水泵房_5#加压泵__温度_通道6_反馈,2025-02-28 02:28:17,0,192,20.1
_二期_供水泵房_5#加压泵__温度_通道6_反馈,2025-02-28 02:28:18,0,192,20.1
_二期_供水泵房_5#加压泵__温度_通道6_反馈,2025-02-28 02:28:19,0,192,20.1
_二期_供水泵房_5#加压泵__温度_通道6_反馈,2025-02-28 02:28:20,0,192,20.1
_二期_供水泵房_5#加压泵__温度_通道6_反馈,2025-02-28 02:28:21,0,192,20.1
_二期_供水泵房_5#加压泵__温度_通道6_反馈,2025-02-28 02:28:22,0,192,20.1
_二期_供水泵房_5#加压泵__温度_通道6_反馈,2025-02-28 02:28:23,0,192,20.1
_二期_供水泵房_5#加压泵__温度_通道6_反馈,2025-02-28 02:28:24,0,192,20.1
_二期_供水泵房_5#加压泵__温度_通道6_反馈,2025-02-28 02:28:25,0,192,20.1
_二期_供水泵房_5#加压泵__温度_通道6_反馈,2025-02-28 02:28:26,0,192,20.1
_二期_供水泵房_5#加压泵__温度_通道6_反馈,2025-02-28 02:28:27,0,192,20.1
_二期_供水泵房_5#加压泵__温度_通道6_反馈,2025-02-28 02:28:28,0,192,20.1
_二期_供水泵房_5#加压泵__温度_通道6_反馈,2025-02-28 02:28:29,0,192,20.1
_二期_供水泵房_5#加压泵__温度_通道6_反馈,2025-02-28 02:28:30,0,192,20.1
_二期_供水泵房_5#加压泵__温度_通道6_反馈,2025-02-28 02:28:31,0,192,20.1
_二期_供水泵房_5#加压泵__温度_通道6_反馈,2025-02-28 02:28:32,0,192,20.1
_二期_供水泵房_5#加压泵__温度_通道6_反馈,2025-02-28 02:28:33,0,192,20.1
_二期_供水泵房_5#加压泵__温度_通道6_反馈,2025-02-28 02:28:34,0,192,20.1
_二期_供水泵房_5#加压泵__温度_通道6_反馈,2025-02-28 02:28:35,0,192,20.1
_二期_供水泵房_5#加压泵__温度_通道6_反馈,2025-02-28 02:28:36,0,192,20.1
_二期_供水泵房_5#加压泵__温度_通道6_反馈,2025-02-28 02:28:37,0,192,20.1
_二期_供水泵房_5#加压泵__温度_通道6_反馈,2025-02-28 02:28:38,0,192,20.1
_二期_供水泵房_5#加压泵__温度_通道6_反馈,2025-02-28 02:28:39,0,192,20.1
_二期_供水泵房_5#加压泵__温度_通道6_反馈,2025-02-28 02:28:40,0,192,20.1
_二期_供水泵房_5#加压泵__温度_通道6_反馈,2025-02-28 02:28:41,0,192,20.1
_二期_供水泵房_5#加压泵__温度_通道6_反馈,2025-02-28 02:28:42,0,192,20.1
_二期_供水泵房_5#加压泵__温度_通道6_反馈,2025-02-28 02:28:43,0,192,20.1
_二期_供水泵房_5#加压泵__温度_通道6_反馈,2025-02-28 02:28:44,0,192,20.1
_二期_供水泵房_5#加压泵__温度_通道6_反馈,2025-02-28 02:28:45,0,192,20.1
_二期_供水泵房_5#加压泵__温度_通道6_反馈,2025-02-28 02:28:46,0,192,20.1
_二期_供水泵房_5#加压泵__温度_通道6_反馈,2025-02-28 02:28:47,0,192,20.1
_二期_供水泵房_5#加压泵__温度_通道6_反馈,2025-02-28 02:28:48,0,192,20.1
_二期_供水泵房_5#加压泵__温度_通道6_反馈,2025-02-28 02:28:49,0,192,20.1
_二期_供水泵房_5#加压泵__温度_通道6_反馈,2025-02-28 02:28:50,0,192,20.1
_二期_供水泵房_5#加压泵__温度_通道6_反馈,2025-02-28 02:28:51,0,192,20.1
_二期_供水泵房_5#加压泵__温度_通道6_反馈,2025-02-28 02:28:52,0,192,20.1
_二期_供水泵房_5#加压泵__温度_通道6_反馈,2025-02-28 02:28:53,0,192,20.1
_二期_供水泵房_5#加压泵__温度_通道6_反馈,2025-02-28 02:28:54,0,192,20.1
_二期_供水泵房_5#加压泵__温度_通道6_反馈,2025-02-28 02:28:55,0,192,20.1
_二期_供水泵房_5#加压泵__温度_通道6_反馈,2025-02-28 02:28:56,0,192,20.1
_二期_供水泵房_5#加压泵__温度_通道6_反馈,2025-02-28 02:28:57,0,192,20.1
_二期_供水泵房_5#加压泵__温度_通道6_反馈,2025-02-28 02:28:58,0,192,20.1
_二期_供水泵房_5#加压泵__温度_通道6_反馈,2025-02-28 02:28:59,0,192,20.1
_二期_供水泵房_5#加压泵__温度_通道6_反馈,2025-02-28 02:29:00,0,192,20.1
_二期_供水泵房_5#加压泵__温度_通道6_反馈,2025-02-28 02:29:01,0,192,20.1
_二期_供水泵房_5#加压泵__温度_通道6_反馈,2025-02-28 02:29:02,0,192,20.1
_二期_供水泵房_5#加压泵__温度_通道6_反馈,2025-02-28 02:29:03,0,192,20.1
_二期_供水泵房_5#加压泵__温度_通道6_反馈,2025-02-28 02:29:04,0,192,20.1
_二期_供水泵房_5#加压泵__温度_通道6_反馈,2025-02-28 02:29:05,0,192,20.1
_二期_供水泵房_5#加压泵__温度_通道6_反馈,2025-02-28 02:29:06,0,192,20.1
_二期_供水泵房_5#加压泵__温度_通道6_反馈,2025-02-28 02:29:07,0,192,20.1
_二期_供水泵房_5#加压泵__温度_通道6_反馈,2025-02-28 02:29:08,0,192,20.1
_二期_供水泵房_5#加压泵__温度_通道6_反馈,2025-02-28 02:29:09,0,192,20.1
_二期_供水泵房_5#加压泵__温度_通道6_反馈,2025-02-28 02:29:10,0,192,20.1
_二期_供水泵房_5#加压泵__温度_通道6_反馈,2025-02-28 02:29:11,0,192,20.1
_二期_供水泵房_5#加压泵__温度_通道6_反馈,2025-02-28 02:29:12,0,192,20.1
_二期_供水泵房_5#加压泵__温度_通道6_反馈,2025-02-28 02:29:13,0,192,20.1
_二期_供水泵房_5#加压泵__温度_通道6_反馈,2025-02-28 02:29:14,0,192,20.1
_二期_供水泵房_5#加压泵__温度_通道6_反馈,2025-02-28 02:29:15,0,192,20.1
_二期_供水泵房_5#加压泵__温度_通道6_反馈,2025-02-28 02:29:16,0,192,20.1
_二期_供水泵房_5#加压泵__温度_通道6_反馈,2025-02-28 02:29:17,0,192,20.1
_二期_供水泵房_5#加压泵__温度_通道6_反馈,2025-02-28 02:29:18,0,192,20.1
_二期_供水泵房_5#加压泵__温度_通道6_反馈,2025-02-28 02:29:19,0,192,20.1
_二期_供水泵房_5#加压泵__温度_通道6_反馈,2025-02-28 02:29:20,0,192,20.1
_二期_供水泵房_5#加压泵__温度_通道6_反馈,2025-02-28 02:29:21,0,192,20.1
_二期_供水泵房_5#加压泵__温度_通道6_反馈,2025-02-28 02:29:22,0,192,20.1
_二期_供水泵房_5#加压泵__温度_通道6_反馈,2025-02-28 02:29:23,0,192,20.1
_二期_供水泵房_5#加压泵__温度_通道6_反馈,2025-02-28 02:29:24,0,192,20.1
_二期_供水泵房_5#加压泵__温度_通道6_反馈,2025-02-28 02:29:25,0,192,20.1
_二期_供水泵房_5#加压泵__温度_通道6_反馈,2025-02-28 02:29:26,0,192,20.1
_二期_供水泵房_5#加压泵__温度_通道6_反馈,2025-02-28 02:29:27,0,192,20.1
_二期_供水泵房_5#加压泵__温度_通道6_反馈,2025-02-28 02:29:28,0,192,20.1
_二期_供水泵房_5#加压泵__温度_通道6_反馈,2025-02-28 02:29:29,0,192,20.1
_二期_供水泵房_5#加压泵__温度_通道6_反馈,2025-02-28 02:29:30,0,192,20.1
_二期_供水泵房_5#加压泵__温度_通道6_反馈,2025-02-28 02:29:31,0,192,20.1
_二期_供水泵房_5#加压泵__温度_通道6_反馈,2025-02-28 02:29:32,0,192,20.1
_二期_供水泵房_5#加压泵__温度_通道6_反馈,2025-02-28 02:29:33,0,192,20.1
_二期_供水泵房_5#加压泵__温度_通道6_反馈,2025-02-28 02:29:34,0,192,20.1
_二期_供水泵房_5#加压泵__温度_通道6_反馈,2025-02-28 02:29:35,0,192,20.1
_二期_供水泵房_5#加压泵__温度_通道6_反馈,2025-02-28 02:29:36,0,192,20.1
_二期_供水泵房_5#加压泵__温度_通道6_反馈,2025-02-28 02:29:37,0,192,20.1
_二期_供水泵房_5#加压泵__温度_通道6_反馈,2025-02-28 02:29:38,0,192,20.1
_二期_供水泵房_5#加压泵__温度_通道6_反馈,2025-02-28 02:29:39,0,192,20.1
_二期_供水泵房_5#加压泵__温度_通道6_反馈,2025-02-28 02:29:40,0,192,20.1
_二期_供水泵房_5#加压泵__温度_通道6_反馈,2025-02-28 02:29:41,0,192,20.1
_二期_供水泵房_5#加压泵__温度_通道6_反馈,2025-02-28 02:29:42,0,192,20.1
_二期_供水泵房_5#加压泵__温度_通道6_反馈,2025-02-28 02:29:43,0,192,20.1
_二期_供水泵房_5#加压泵__温度_通道6_反馈,2025-02-28 02:29:44,0,192,20.1
_二期_供水泵房_5#加压泵__温度_通道6_反馈,2025-02-28 02:29:45,0,192,20.1
_二期_供水泵房_5#加压泵__温度_通道6_反馈,2025-02-28 02:29:46,0,192,20.1
_二期_供水泵房_5#加压泵__温度_通道6_反馈,2025-02-28 02:29:47,0,192,20.1
_二期_供水泵房_5#加压泵__温度_通道6_反馈,2025-02-28 02:29:48,0,192,20.1
_二期_供水泵房_5#加压泵__温度_通道6_反馈,2025-02-28 02:29:49,0,192,20.1
_二期_供水泵房_5#加压泵__温度_通道6_反馈,2025-02-28 02:29:50,0,192,20.1
_二期_供水泵房_5#加压泵__温度_通道6_反馈,2025-02-28 02:29:51,0,192,20.1
_二期_供水泵房_5#加压泵__温度_通道6_反馈,2025-02-28 02:29:52,0,192,20.1
_二期_供水泵房_5#加压泵__温度_通道6_反馈,2025-02-28 02:29:53,0,192,20.1
_二期_供水泵房_5#加压泵__温度_通道6_反馈,2025-02-28 02:29:54,0,192,20.1
_二期_供水泵房_5#加压泵__温度_通道6_反馈,2025-02-28 02:29:55,0,192,20.1
_二期_供水泵房_5#加压泵__温度_通道6_反馈,2025-02-28 02:29:56,0,192,20.1
_二期_供水泵房_5#加压泵__温度_通道6_反馈,2025-02-28 02:29:57,0,192,20.1
_二期_供水泵房_5#加压泵__温度_通道6_反馈,2025-02-28 02:29:58,0,192,20.1
_二期_供水泵房_5#加压泵__温度_通道6_反馈,2025-02-28 02:29:59,0,192,20.1
_二期_供水泵房_5#加压泵__温度_通道6_反馈,2025-02-28 02:30:00,0,192,20.1
_二期_供水泵房_5#加压泵__温度_通道6_反馈,2025-02-28 02:30:01,0,192,20.1
_二期_供水泵房_5#加压泵__温度_通道6_反馈,2025-02-28 02:30:02,0,192,20.1
_二期_供水泵房_5#加压泵__温度_通道6_反馈,2025-02-28 02:30:03,0,192,20.1
_二期_供水泵房_5#加压泵__温度_通道6_反馈,2025-02-28 02:30:04,0,192,20.1
_二期_供水泵房_5#加压泵__温度_通道6_反馈,2025-02-28 02:30:05,0,192,20.1
_二期_供水泵房_5#加压泵__温度_通道6_反馈,2025-02-28 02:30:06,0,192,20.1
_二期_供水泵房_5#加压泵__温度_通道6_反馈,2025-02-28 02:30:07,0,192,20.1
_二期_供水泵房_5#加压泵__温度_通道6_反馈,2025-02-28 02:30:08,0,192,20.1
_二期_供水泵房_5#加压泵__温度_通道6_反馈,2025-02-28 02:30:09,0,192,20.1
_二期_供水泵房_5#加压泵__温度_通道6_反馈,2025-02-28 02:30:10,0,192,20.1
_二期_供水泵房_5#加压泵__温度_通道6_反馈,2025-02-28 02:30:11,0,192,20.1
_二期_供水泵房_5#加压泵__温度_通道6_反馈,2025-02-28 02:30:12,0,192,20.1
_二期_供水泵房_5#加压泵__温度_通道6_反馈,2025-02-28 02:30:13,0,192,20.1
_二期_供水泵房_5#加压泵__温度_通道6_反馈,2025-02-28 02:30:14,0,192,20.1
_二期_供水泵房_5#加压泵__温度_通道6_反馈,2025-02-28 02:30:15,0,192,20.1
_二期_供水泵房_5#加压泵__温度_通道6_反馈,2025-02-28 02:30:16,0,192,20.1
_二期_供水泵房_5#加压泵__温度_通道6_反馈,2025-02-28 02:30:17,0,192,20.1
_二期_供水泵房_5#加压泵__温度_通道6_反馈,2025-02-28 02:30:18,0,192,20.1
_二期_供水泵房_5#加压泵__温度_通道6_反馈,2025-02-28 02:30:19,0,192,20.1
_二期_供水泵房_5#加压泵__温度_通道6_反馈,2025-02-28 02:30:20,0,192,20.1
_二期_供水泵房_5#加压泵__温度_通道6_反馈,2025-02-28 02:30:21,0,192,20.1
_二期_供水泵房_5#加压泵__温度_通道6_反馈,2025-02-28 02:30:22,0,192,20.1
_二期_供水泵房_5#加压泵__温度_通道6_反馈,2025-02-28 02:30:23,0,192,20.1
_二期_供水泵房_5#加压泵__温度_通道6_反馈,2025-02-28 02:30:24,0,192,20.1
_二期_供水泵房_5#加压泵__温度_通道6_反馈,2025-02-28 02:30:25,0,192,20.1
_二期_供水泵房_5#加压泵__温度_通道6_反馈,2025-02-28 02:30:26,0,192,20.1
_二期_供水泵房_5#加压泵__温度_通道6_反馈,2025-02-28 02:30:27,0,192,20.1
_二期_供水泵房_5#加压泵__温度_通道6_反馈,2025-02-28 02:30:28,0,192,20.1
_二期_供水泵房_5#加压泵__温度_通道6_反馈,2025-02-28 02:30:29,0,192,20.1
_二期_供水泵房_5#加压泵__温度_通道6_反馈,2025-02-28 02:30:30,0,192,20.1
_二期_供水泵房_5#加压泵__温度_通道6_反馈,2025-02-28 02:30:31,0,192,20.1
_二期_供水泵房_5#加压泵__温度_通道6_反馈,2025-02-28 02:30:32,0,192,20.1
_二期_供水泵房_5#加压泵__温度_通道6_反馈,2025-02-28 02:30:33,0,192,20.1
_二期_供水泵房_5#加压泵__温度_通道6_反馈,2025-02-28 02:30:34,0,192,20.1
_二期_供水泵房_5#加压泵__温度_通道6_反馈,2025-02-28 02:30:35,0,192,20.1
_二期_供水泵房_5#加压泵__温度_通道6_反馈,2025-02-28 02:30:36,0,192,20.1
_二期_供水泵房_5#加压泵__温度_通道6_反馈,2025-02-28 02:30:37,0,192,20.1
_二期_供水泵房_5#加压泵__温度_通道6_反馈,2025-02-28 02:30:38,0,192,20.1
_二期_供水泵房_5#加压泵__温度_通道6_反馈,2025-02-28 02:30:39,0,192,20.1
_二期_供水泵房_5#加压泵__温度_通道6_反馈,2025-02-28 02:30:40,0,192,20.1
_二期_供水泵房_5#加压泵__温度_通道6_反馈,2025-02-28 02:30:41,0,192,20.1
_二期_供水泵房_5#加压泵__温度_通道6_反馈,2025-02-28 02:30:42,0,192,20.1
_二期_供水泵房_5#加压泵__温度_通道6_反馈,2025-02-28 02:30:43,0,192,20.1
_二期_供水泵房_5#加压泵__温度_通道6_反馈,2025-02-28 02:30:44,0,192,20.1
_二期_供水泵房_5#加压泵__温度_通道6_反馈,2025-02-28 02:30:45,0,192,20.1
_二期_供水泵房_5#加压泵__温度_通道6_反馈,2025-02-28 02:30:46,0,192,20.1
_二期_供水泵房_5#加压泵__温度_通道6_反馈,2025-02-28 02:30:47,0,192,20.1
_二期_供水泵房_5#加压泵__温度_通道6_反馈,2025-02-28 02:30:48,0,192,20.1
_二期_供水泵房_5#加压泵__温度_通道6_反馈,2025-02-28 02:30:49,0,192,20.1
_二期_供水泵房_5#加压泵__温度_通道6_反馈,2025-02-28 02:30:50,0,192,20.1
_二期_供水泵房_5#加压泵__温度_通道6_反馈,2025-02-28 02:30:51,0,192,20.1
_二期_供水泵房_5#加压泵__温度_通道6_反馈,2025-02-28 02:30:52,0,192,20.1
_二期_供水泵房_5#加压泵__温度_通道6_反馈,2025-02-28 02:30:53,0,192,20.1
_二期_供水泵房_5#加压泵__温度_通道6_反馈,2025-02-28 02:30:54,0,192,20.1
_二期_供水泵房_5#加压泵__温度_通道6_反馈,2025-02-28 02:30:55,0,192,20.1
_二期_供水泵房_5#加压泵__温度_通道6_反馈,2025-02-28 02:30:56,0,192,20.1
_二期_供水泵房_5#加压泵__温度_通道6_反馈,2025-02-28 02:30:57,0,192,20.1
_二期_供水泵房_5#加压泵__温度_通道6_反馈,2025-02-28 02:30:58,0,192,20.1
_二期_供水泵房_5#加压泵__温度_通道6_反馈,2025-02-28 02:30:59,0,192,20.1
_二期_供水泵房_5#加压泵__温度_通道6_反馈,2025-02-28 02:31:00,0,192,20.1
_二期_供水泵房_5#加压泵__温度_通道6_反馈,2025-02-28 02:31:01,0,192,20.1
_二期_供水泵房_5#加压泵__温度_通道6_反馈,2025-02-28 02:31:02,0,192,20.1
_二期_供水泵房_5#加压泵__温度_通道6_反馈,2025-02-28 02:31:03,0,192,20.1
_二期_供水泵房_5#加压泵__温度_通道6_反馈,2025-02-28 02:31:04,0,192,20.1
_二期_供水泵房_5#加压泵__温度_通道6_反馈,2025-02-28 02:31:05,0,192,20.1
_二期_供水泵房_5#加压泵__温度_通道6_反馈,2025-02-28 02:31:06,0,192,20.1
_二期_供水泵房_5#加压泵__温度_通道6_反馈,2025-02-28 02:31:07,0,192,20.1
_二期_供水泵房_5#加压泵__温度_通道6_反馈,2025-02-28 02:31:08,0,192,20.1
_二期_供水泵房_5#加压泵__温度_通道6_反馈,2025-02-28 02:31:09,0,192,20.1
_二期_供水泵房_5#加压泵__温度_通道6_反馈,2025-02-28 02:31:10,0,192,20.1
_二期_供水泵房_5#加压泵__温度_通道6_反馈,2025-02-28 02:31:11,0,192,20.1
_二期_供水泵房_5#加压泵__温度_通道6_反馈,2025-02-28 02:31:12,0,192,20.1
_二期_供水泵房_5#加压泵__温度_通道6_反馈,2025-02-28 02:31:13,0,192,20.1
_二期_供水泵房_5#加压泵__温度_通道6_反馈,2025-02-28 02:31:14,0,192,20.1
_二期_供水泵房_5#加压泵__温度_通道6_反馈,2025-02-28 02:31:15,0,192,20.1
_二期_供水泵房_5#加压泵__温度_通道6_反馈,2025-02-28 02:31:16,0,192,20.1
_二期_供水泵房_5#加压泵__温度_通道6_反馈,2025-02-28 02:31:17,0,192,20.1
_二期_供水泵房_5#加压泵__温度_通道6_反馈,2025-02-28 02:31:18,0,192,20.1
_二期_供水泵房_5#加压泵__温度_通道6_反馈,2025-02-28 02:31:19,0,192,20.1
_二期_供水泵房_5#加压泵__温度_通道6_反馈,2025-02-28 02:31:20,0,192,20.1
_二期_供水泵房_5#加压泵__温度_通道6_反馈,2025-02-28 02:31:21,0,192,20.1
_二期_供水泵房_5#加压泵__温度_通道6_反馈,2025-02-28 02:31:22,0,192,20.1
_二期_供水泵房_5#加压泵__温度_通道6_反馈,2025-02-28 02:31:23,0,192,20.1
_二期_供水泵房_5#加压泵__温度_通道6_反馈,2025-02-28 02:31:24,0,192,20.1
_二期_供水泵房_5#加压泵__温度_通道6_反馈,2025-02-28 02:31:25,0,192,20.1
_二期_供水泵房_5#加压泵__温度_通道6_反馈,2025-02-28 02:31:26,0,192,20.1
_二期_供水泵房_5#加压泵__温度_通道6_反馈,2025-02-28 02:31:27,0,192,20.1
_二期_供水泵房_5#加压泵__温度_通道6_反馈,2025-02-28 02:31:28,0,192,20.1
_二期_供水泵房_5#加压泵__温度_通道6_反馈,2025-02-28 02:31:29,0,192,20.1
_二期_供水泵房_5#加压泵__温度_通道6_反馈,2025-02-28 02:31:30,0,192,20.1
_二期_供水泵房_5#加压泵__温度_通道6_反馈,2025-02-28 02:31:31,0,192,20.1
_二期_供水泵房_5#加压泵__温度_通道6_反馈,2025-02-28 02:31:32,0,192,20.1
_二期_供水泵房_5#加压泵__温度_通道6_反馈,2025-02-28 02:31:33,0,192,20.1
_二期_供水泵房_5#加压泵__温度_通道6_反馈,2025-02-28 02:31:34,0,192,20.1
_二期_供水泵房_5#加压泵__温度_通道6_反馈,2025-02-28 02:31:35,0,192,20.1
_二期_供水泵房_5#加压泵__温度_通道6_反馈,2025-02-28 02:31:36,0,192,20.1
_二期_供水泵房_5#加压泵__温度_通道6_反馈,2025-02-28 02:31:37,0,192,20.1
_二期_供水泵房_5#加压泵__温度_通道6_反馈,2025-02-28 02:31:38,0,192,20.1
_二期_供水泵房_5#加压泵__温度_通道6_反馈,2025-02-28 02:31:39,0,192,20.1
_二期_供水泵房_5#加压泵__温度_通道6_反馈,2025-02-28 02:31:40,0,192,20.1
_二期_供水泵房_5#加压泵__温度_通道6_反馈,2025-02-28 02:31:41,0,192,20.1
_二期_供水泵房_5#加压泵__温度_通道6_反馈,2025-02-28 02:31:42,0,192,20.1
_二期_供水泵房_5#加压泵__温度_通道6_反馈,2025-02-28 02:31:43,0,192,20.1
_二期_供水泵房_5#加压泵__温度_通道6_反馈,2025-02-28 02:31:44,0,192,20.1
_二期_供水泵房_5#加压泵__温度_通道6_反馈,2025-02-28 02:31:45,0,192,20.1
_二期_供水泵房_5#加压泵__温度_通道6_反馈,2025-02-28 02:31:46,0,192,20.1
_二期_供水泵房_5#加压泵__温度_通道6_反馈,2025-02-28 02:31:47,0,192,20.1
_二期_供水泵房_5#加压泵__温度_通道6_反馈,2025-02-28 02:31:48,0,192,20.1
_二期_供水泵房_5#加压泵__温度_通道6_反馈,2025-02-28 02:31:49,0,192,20.1
_二期_供水泵房_5#加压泵__温度_通道6_反馈,2025-02-28 02:31:50,0,192,20.1
_二期_供水泵房_5#加压泵__温度_通道6_反馈,2025-02-28 02:31:51,0,192,20.1
_二期_供水泵房_5#加压泵__温度_通道6_反馈,2025-02-28 02:31:52,0,192,20.1
_二期_供水泵房_5#加压泵__温度_通道6_反馈,2025-02-28 02:31:53,0,192,20.1
_二期_供水泵房_5#加压泵__温度_通道6_反馈,2025-02-28 02:31:54,0,192,20.1
_二期_供水泵房_5#加压泵__温度_通道6_反馈,2025-02-28 02:31:55,0,192,20.1
_二期_供水泵房_5#加压泵__温度_通道6_反馈,2025-02-28 02:31:56,0,192,20.1
_二期_供水泵房_5#加压泵__温度_通道6_反馈,2025-02-28 02:31:57,0,192,20.1
_二期_供水泵房_5#加压泵__温度_通道6_反馈,2025-02-28 02:31:58,0,192,20.1
_二期_供水泵房_5#加压泵__温度_通道6_反馈,2025-02-28 02:31:59,0,192,20.1
_二期_供水泵房_5#加压泵__温度_通道6_反馈,2025-02-28 02:32:00,0,192,20.1
_二期_供水泵房_5#加压泵__温度_通道6_反馈,2025-02-28 02:32:01,0,192,20.1
_二期_供水泵房_5#加压泵__温度_通道6_反馈,2025-02-28 02:32:02,0,192,20.1
_二期_供水泵房_5#加压泵__温度_通道6_反馈,2025-02-28 02:32:03,0,192,20.1
_二期_供水泵房_5#加压泵__温度_通道6_反馈,2025-02-28 02:32:04,0,192,20.1
_二期_供水泵房_5#加压泵__温度_通道6_反馈,2025-02-28 02:32:05,0,192,20.1
_二期_供水泵房_5#加压泵__温度_通道6_反馈,2025-02-28 02:32:06,0,192,20.1
_二期_供水泵房_5#加压泵__温度_通道6_反馈,2025-02-28 02:32:07,0,192,20.1
_二期_供水泵房_5#加压泵__温度_通道6_反馈,2025-02-28 02:32:08,0,192,20.1
_二期_供水泵房_5#加压泵__温度_通道6_反馈,2025-02-28 02:32:09,0,192,20.1
_二期_供水泵房_5#加压泵__温度_通道6_反馈,2025-02-28 02:32:10,0,192,20.1
_二期_供水泵房_5#加压泵__温度_通道6_反馈,2025-02-28 02:32:11,0,192,20.1
_二期_供水泵房_5#加压泵__温度_通道6_反馈,2025-02-28 02:32:12,0,192,20.1
_二期_供水泵房_5#加压泵__温度_通道6_反馈,2025-02-28 02:32:13,0,192,20.1
_二期_供水泵房_5#加压泵__温度_通道6_反馈,2025-02-28 02:32:14,0,192,20.1
_二期_供水泵房_5#加压泵__温度_通道6_反馈,2025-02-28 02:32:15,0,192,20.1
_二期_供水泵房_5#加压泵__温度_通道6_反馈,2025-02-28 02:32:16,0,192,20.1
_二期_供水泵房_5#加压泵__温度_通道6_反馈,2025-02-28 02:32:17,0,192,20.1
_二期_供水泵房_5#加压泵__温度_通道6_反馈,2025-02-28 02:32:18,0,192,20.1
_二期_供水泵房_5#加压泵__温度_通道6_反馈,2025-02-28 02:32:19,0,192,20.1
_二期_供水泵房_5#加压泵__温度_通道6_反馈,2025-02-28 02:32:20,0,192,20.1
_二期_供水泵房_5#加压泵__温度_通道6_反馈,2025-02-28 02:32:21,0,192,20.1
_二期_供水泵房_5#加压泵__温度_通道6_反馈,2025-02-28 02:32:22,0,192,20.1
_二期_供水泵房_5#加压泵__温度_通道6_反馈,2025-02-28 02:32:23,0,192,20.1
_二期_供水泵房_5#加压泵__温度_通道6_反馈,2025-02-28 02:32:24,0,192,20.1
_二期_供水泵房_5#加压泵__温度_通道6_反馈,2025-02-28 02:32:25,0,192,20.1
_二期_供水泵房_5#加压泵__温度_通道6_反馈,2025-02-28 02:32:26,0,192,20.1
_二期_供水泵房_5#加压泵__温度_通道6_反馈,2025-02-28 02:32:27,0,192,20.1
_二期_供水泵房_5#加压泵__温度_通道6_反馈,2025-02-28 02:32:28,0,192,20.1
_二期_供水泵房_5#加压泵__温度_通道6_反馈,2025-02-28 02:32:29,0,192,20.1
_二期_供水泵房_5#加压泵__温度_通道6_反馈,2025-02-28 02:32:30,0,192,20.1
_二期_供水泵房_5#加压泵__温度_通道6_反馈,2025-02-28 02:32:31,0,192,20.1
_二期_供水泵房_5#加压泵__温度_通道6_反馈,2025-02-28 02:32:32,0,192,20.1
_二期_供水泵房_5#加压泵__温度_通道6_反馈,2025-02-28 02:32:33,0,192,20.1
_二期_供水泵房_5#加压泵__温度_通道6_反馈,2025-02-28 02:32:34,0,192,20.1
_二期_供水泵房_5#加压泵__温度_通道6_反馈,2025-02-28 02:32:35,0,192,20.1
_二期_供水泵房_5#加压泵__温度_通道6_反馈,2025-02-28 02:32:36,0,192,20.1
_二期_供水泵房_5#加压泵__温度_通道6_反馈,2025-02-28 02:32:37,0,192,20.1
_二期_供水泵房_5#加压泵__温度_通道6_反馈,2025-02-28 02:32:38,0,192,20.1
_二期_供水泵房_5#加压泵__温度_通道6_反馈,2025-02-28 02:32:39,0,192,20.1
_二期_供水泵房_5#加压泵__温度_通道6_反馈,2025-02-28 02:32:40,0,192,20.1
_二期_供水泵房_5#加压泵__温度_通道6_反馈,2025-02-28 02:32:41,0,192,20.1
_二期_供水泵房_5#加压泵__温度_通道6_反馈,2025-02-28 02:32:42,0,192,20.1
_二期_供水泵房_5#加压泵__温度_通道6_反馈,2025-02-28 02:32:43,0,192,20.1
_二期_供水泵房_5#加压泵__温度_通道6_反馈,2025-02-28 02:32:44,0,192,20.1
_二期_供水泵房_5#加压泵__温度_通道6_反馈,2025-02-28 02:32:45,0,192,20.1
_二期_供水泵房_5#加压泵__温度_通道6_反馈,2025-02-28 02:32:46,0,192,20.1
_二期_供水泵房_5#加压泵__温度_通道6_反馈,2025-02-28 02:32:47,0,192,20.1
_二期_供水泵房_5#加压泵__温度_通道6_反馈,2025-02-28 02:32:48,0,192,20.1
_二期_供水泵房_5#加压泵__温度_通道6_反馈,2025-02-28 02:32:49,0,192,20.1
_二期_供水泵房_5#加压泵__温度_通道6_反馈,2025-02-28 02:32:50,0,192,20.1
_二期_供水泵房_5#加压泵__温度_通道6_反馈,2025-02-28 02:32:51,0,192,20.1
_二期_供水泵房_5#加压泵__温度_通道6_反馈,2025-02-28 02:32:52,0,192,20.1
_二期_供水泵房_5#加压泵__温度_通道6_反馈,2025-02-28 02:32:53,0,192,20.1
_二期_供水泵房_5#加压泵__温度_通道6_反馈,2025-02-28 02:32:54,0,192,20.1
_二期_供水泵房_5#加压泵__温度_通道6_反馈,2025-02-28 02:32:55,0,192,20.1
_二期_供水泵房_5#加压泵__温度_通道6_反馈,2025-02-28 02:32:56,0,192,20.1
_二期_供水泵房_5#加压泵__温度_通道6_反馈,2025-02-28 02:32:57,0,192,20.1
_二期_供水泵房_5#加压泵__温度_通道6_反馈,2025-02-28 02:32:58,0,192,20.1
_二期_供水泵房_5#加压泵__温度_通道6_反馈,2025-02-28 02:32:59,0,192,20.1
_二期_供水泵房_5#加压泵__温度_通道6_反馈,2025-02-28 02:33:00,0,192,20.1
_二期_供水泵房_5#加压泵__温度_通道6_反馈,2025-02-28 02:33:01,0,192,20.1
_二期_供水泵房_5#加压泵__温度_通道6_反馈,2025-02-28 02:33:02,0,192,20.1
_二期_供水泵房_5#加压泵__温度_通道6_反馈,2025-02-28 02:33:03,0,192,20.1
_二期_供水泵房_5#加压泵__温度_通道6_反馈,2025-02-28 02:33:04,0,192,20.1
_二期_供水泵房_5#加压泵__温度_通道6_反馈,2025-02-28 02:33:05,0,192,20.1
_二期_供水泵房_5#加压泵__温度_通道6_反馈,2025-02-28 02:33:06,0,192,20.1
_二期_供水泵房_5#加压泵__温度_通道6_反馈,2025-02-28 02:33:07,0,192,20.1
_二期_供水泵房_5#加压泵__温度_通道6_反馈,2025-02-28 02:33:08,0,192,20.1
_二期_供水泵房_5#加压泵__温度_通道6_反馈,2025-02-28 02:33:09,0,192,20.1
_二期_供水泵房_5#加压泵__温度_通道6_反馈,2025-02-28 02:33:10,0,192,20.1
_二期_供水泵房_5#加压泵__温度_通道6_反馈,2025-02-28 02:33:11,0,192,20.1
_二期_供水泵房_5#加压泵__温度_通道6_反馈,2025-02-28 02:33:12,0,192,20.1
_二期_供水泵房_5#加压泵__温度_通道6_反馈,2025-02-28 02:33:13,0,192,20.1
_二期_供水泵房_5#加压泵__温度_通道6_反馈,2025-02-28 02:33:14,0,192,20.1
_二期_供水泵房_5#加压泵__温度_通道6_反馈,2025-02-28 02:33:15,0,192,20.1
_二期_供水泵房_5#加压泵__温度_通道6_反馈,2025-02-28 02:33:16,0,192,20.1
_二期_供水泵房_5#加压泵__温度_通道6_反馈,2025-02-28 02:33:17,0,192,20.1
_二期_供水泵房_5#加压泵__温度_通道6_反馈,2025-02-28 02:33:18,0,192,20.1
_二期_供水泵房_5#加压泵__温度_通道6_反馈,2025-02-28 02:33:19,0,192,20.1
_二期_供水泵房_5#加压泵__温度_通道6_反馈,2025-02-28 02:33:20,0,192,20.1
_二期_供水泵房_5#加压泵__温度_通道6_反馈,2025-02-28 02:33:21,0,192,20.1
_二期_供水泵房_5#加压泵__温度_通道6_反馈,2025-02-28 02:33:22,0,192,20.1
_二期_供水泵房_5#加压泵__温度_通道6_反馈,2025-02-28 02:33:23,0,192,20.1
_二期_供水泵房_5#加压泵__温度_通道6_反馈,2025-02-28 02:33:24,0,192,20.1
_二期_供水泵房_5#加压泵__温度_通道6_反馈,2025-02-28 02:33:25,0,192,20.1
_二期_供水泵房_5#加压泵__温度_通道6_反馈,2025-02-28 02:33:26,0,192,20.1
_二期_供水泵房_5#加压泵__温度_通道6_反馈,2025-02-28 02:33:27,0,192,20.1
_二期_供水泵房_5#加压泵__温度_通道6_反馈,2025-02-28 02:33:28,0,192,20.1
_二期_供水泵房_5#加压泵__温度_通道6_反馈,2025-02-28 02:33:29,0,192,20.1
_二期_供水泵房_5#加压泵__温度_通道6_反馈,2025-02-28 02:33:30,0,192,20.1
_二期_供水泵房_5#加压泵__温度_通道6_反馈,2025-02-28 02:33:31,0,192,20.1
_二期_供水泵房_5#加压泵__温度_通道6_反馈,2025-02-28 02:33:32,0,192,20.1
_二期_供水泵房_5#加压泵__温度_通道6_反馈,2025-02-28 02:33:33,0,192,20.1
_二期_供水泵房_5#加压泵__温度_通道6_反馈,2025-02-28 02:33:34,0,192,20.1
_二期_供水泵房_5#加压泵__温度_通道6_反馈,2025-02-28 02:33:35,0,192,20.1
_二期_供水泵房_5#加压泵__温度_通道6_反馈,2025-02-28 02:33:36,0,192,20.1
_二期_供水泵房_5#加压泵__温度_通道6_反馈,2025-02-28 02:33:37,0,192,20.1
_二期_供水泵房_5#加压泵__温度_通道6_反馈,2025-02-28 02:33:38,0,192,20.1
_二期_供水泵房_5#加压泵__温度_通道6_反馈,2025-02-28 02:33:39,0,192,20.1
_二期_供水泵房_5#加压泵__温度_通道6_反馈,2025-02-28 02:33:40,0,192,20.1
_二期_供水泵房_5#加压泵__温度_通道6_反馈,2025-02-28 02:33:41,0,192,20.1
_二期_供水泵房_5#加压泵__温度_通道6_反馈,2025-02-28 02:33:42,0,192,20.1
_二期_供水泵房_5#加压泵__温度_通道6_反馈,2025-02-28 02:33:43,0,192,20.1
_二期_供水泵房_5#加压泵__温度_通道6_反馈,2025-02-28 02:33:44,0,192,20.1
_二期_供水泵房_5#加压泵__温度_通道6_反馈,2025-02-28 02:33:45,0,192,20.1
_二期_供水泵房_5#加压泵__温度_通道6_反馈,2025-02-28 02:33:46,0,192,20.1
_二期_供水泵房_5#加压泵__温度_通道6_反馈,2025-02-28 02:33:47,0,192,20.1
_二期_供水泵房_5#加压泵__温度_通道6_反馈,2025-02-28 02:33:48,0,192,20.1
_二期_供水泵房_5#加压泵__温度_通道6_反馈,2025-02-28 02:33:49,0,192,20.1
_二期_供水泵房_5#加压泵__温度_通道6_反馈,2025-02-28 02:33:50,0,192,20.1
_二期_供水泵房_5#加压泵__温度_通道6_反馈,2025-02-28 02:33:51,0,192,20.1
_二期_供水泵房_5#加压泵__温度_通道6_反馈,2025-02-28 02:33:52,0,192,20.1
_二期_供水泵房_5#加压泵__温度_通道6_反馈,2025-02-28 02:33:53,0,192,20.1
_二期_供水泵房_5#加压泵__温度_通道6_反馈,2025-02-28 02:33:54,0,192,20.1
_二期_供水泵房_5#加压泵__温度_通道6_反馈,2025-02-28 02:33:55,0,192,20.1
_二期_供水泵房_5#加压泵__温度_通道6_反馈,2025-02-28 02:33:56,0,192,20.1
_二期_供水泵房_5#加压泵__温度_通道6_反馈,2025-02-28 02:33:57,0,192,20.1
_二期_供水泵房_5#加压泵__温度_通道6_反馈,2025-02-28 02:33:58,0,192,20.1
_二期_供水泵房_5#加压泵__温度_通道6_反馈,2025-02-28 02:33:59,0,192,20.1
_二期_供水泵房_5#加压泵__温度_通道6_反馈,2025-02-28 02:34:00,0,192,20.1
_二期_供水泵房_5#加压泵__温度_通道6_反馈,2025-02-28 02:34:01,0,192,20.1
_二期_供水泵房_5#加压泵__温度_通道6_反馈,2025-02-28 02:34:02,0,192,20.1
_二期_供水泵房_5#加压泵__温度_通道6_反馈,2025-02-28 02:34:03,0,192,20.1
_二期_供水泵房_5#加压泵__温度_通道6_反馈,2025-02-28 02:34:04,0,192,20.1
_二期_供水泵房_5#加压泵__温度_通道6_反馈,2025-02-28 02:34:05,0,192,20.1
_二期_供水泵房_5#加压泵__温度_通道6_反馈,2025-02-28 02:34:06,0,192,20.1
_二期_供水泵房_5#加压泵__温度_通道6_反馈,2025-02-28 02:34:07,0,192,20.1
_二期_供水泵房_5#加压泵__温度_通道6_反馈,2025-02-28 02:34:08,0,192,20.1
_二期_供水泵房_5#加压泵__温度_通道6_反馈,2025-02-28 02:34:09,0,192,20.1
_二期_供水泵房_5#加压泵__温度_通道6_反馈,2025-02-28 02:34:10,0,192,20.1
_二期_供水泵房_5#加压泵__温度_通道6_反馈,2025-02-28 02:34:11,0,192,20.1
_二期_供水泵房_5#加压泵__温度_通道6_反馈,2025-02-28 02:34:12,0,192,20.1
_二期_供水泵房_5#加压泵__温度_通道6_反馈,2025-02-28 02:34:13,0,192,20.1
_二期_供水泵房_5#加压泵__温度_通道6_反馈,2025-02-28 02:34:14,0,192,20.1
_二期_供水泵房_5#加压泵__温度_通道6_反馈,2025-02-28 02:34:15,0,192,20.1
_二期_供水泵房_5#加压泵__温度_通道6_反馈,2025-02-28 02:34:16,0,192,20.1
_二期_供水泵房_5#加压泵__温度_通道6_反馈,2025-02-28 02:34:17,0,192,20.1
_二期_供水泵房_5#加压泵__温度_通道6_反馈,2025-02-28 02:34:18,0,192,20.1
_二期_供水泵房_5#加压泵__温度_通道6_反馈,2025-02-28 02:34:19,0,192,20.1
_二期_供水泵房_5#加压泵__温度_通道6_反馈,2025-02-28 02:34:20,0,192,20.1
_二期_供水泵房_5#加压泵__温度_通道6_反馈,2025-02-28 02:34:21,0,192,20.1
_二期_供水泵房_5#加压泵__温度_通道6_反馈,2025-02-28 02:34:22,0,192,20.1
_二期_供水泵房_5#加压泵__温度_通道6_反馈,2025-02-28 02:34:23,0,192,20.1
_二期_供水泵房_5#加压泵__温度_通道6_反馈,2025-02-28 02:34:24,0,192,20.1
_二期_供水泵房_5#加压泵__温度_通道6_反馈,2025-02-28 02:34:25,0,192,20.1
_二期_供水泵房_5#加压泵__温度_通道6_反馈,2025-02-28 02:34:26,0,192,20.1
_二期_供水泵房_5#加压泵__温度_通道6_反馈,2025-02-28 02:34:27,0,192,20.1
_二期_供水泵房_5#加压泵__温度_通道6_反馈,2025-02-28 02:34:28,0,192,20.1
_二期_供水泵房_5#加压泵__温度_通道6_反馈,2025-02-28 02:34:29,0,192,20.1
_二期_供水泵房_5#加压泵__温度_通道6_反馈,2025-02-28 02:34:30,0,192,20.1
_二期_供水泵房_5#加压泵__温度_通道6_反馈,2025-02-28 02:34:31,0,192,20.1
_二期_供水泵房_5#加压泵__温度_通道6_反馈,2025-02-28 02:34:32,0,192,20.1
_二期_供水泵房_5#加压泵__温度_通道6_反馈,2025-02-28 02:34:33,0,192,20.1
_二期_供水泵房_5#加压泵__温度_通道6_反馈,2025-02-28 02:34:34,0,192,20.1
_二期_供水泵房_5#加压泵__温度_通道6_反馈,2025-02-28 02:34:35,0,192,20.1
_二期_供水泵房_5#加压泵__温度_通道6_反馈,2025-02-28 02:34:36,0,192,20.1
_二期_供水泵房_5#加压泵__温度_通道6_反馈,2025-02-28 02:34:37,0,192,20.1
_二期_供水泵房_5#加压泵__温度_通道6_反馈,2025-02-28 02:34:38,0,192,20.1
_二期_供水泵房_5#加压泵__温度_通道6_反馈,2025-02-28 02:34:39,0,192,20.1
_二期_供水泵房_5#加压泵__温度_通道6_反馈,2025-02-28 02:34:40,0,192,20.1
_二期_供水泵房_5#加压泵__温度_通道6_反馈,2025-02-28 02:34:41,0,192,20.1
_二期_供水泵房_5#加压泵__温度_通道6_反馈,2025-02-28 02:34:42,0,192,20.1
_二期_供水泵房_5#加压泵__温度_通道6_反馈,2025-02-28 02:34:43,0,192,20.1
_二期_供水泵房_5#加压泵__温度_通道6_反馈,2025-02-28 02:34:44,0,192,20.1
_二期_供水泵房_5#加压泵__温度_通道6_反馈,2025-02-28 02:34:45,0,192,20.1
_二期_供水泵房_5#加压泵__温度_通道6_反馈,2025-02-28 02:34:46,0,192,20.1
_二期_供水泵房_5#加压泵__温度_通道6_反馈,2025-02-28 02:34:47,0,192,20.1
_二期_供水泵房_5#加压泵__温度_通道6_反馈,2025-02-28 02:34:48,0,192,20.1
_二期_供水泵房_5#加压泵__温度_通道6_反馈,2025-02-28 02:34:49,0,192,20.1
_二期_供水泵房_5#加压泵__温度_通道6_反馈,2025-02-28 02:34:50,0,192,20.1
_二期_供水泵房_5#加压泵__温度_通道6_反馈,2025-02-28 02:34:51,0,192,20.1
_二期_供水泵房_5#加压泵__温度_通道6_反馈,2025-02-28 02:34:52,0,192,20.1
_二期_供水泵房_5#加压泵__温度_通道6_反馈,2025-02-28 02:34:53,0,192,20.1
_二期_供水泵房_5#加压泵__温度_通道6_反馈,2025-02-28 02:34:54,0,192,20.1
_二期_供水泵房_5#加压泵__温度_通道6_反馈,2025-02-28 02:34:55,0,192,20.1
_二期_供水泵房_5#加压泵__温度_通道6_反馈,2025-02-28 02:34:56,0,192,20.1
_二期_供水泵房_5#加压泵__温度_通道6_反馈,2025-02-28 02:34:57,0,192,20.1
_二期_供水泵房_5#加压泵__温度_通道6_反馈,2025-02-28 02:34:58,0,192,20.1
_二期_供水泵房_5#加压泵__温度_通道6_反馈,2025-02-28 02:34:59,0,192,20.1
_二期_供水泵房_5#加压泵__温度_通道6_反馈,2025-02-28 02:35:00,0,192,20.1
_二期_供水泵房_5#加压泵__温度_通道6_反馈,2025-02-28 02:35:01,0,192,20.1
_二期_供水泵房_5#加压泵__温度_通道6_反馈,2025-02-28 02:35:02,0,192,20.1
_二期_供水泵房_5#加压泵__温度_通道6_反馈,2025-02-28 02:35:03,0,192,20.1
_二期_供水泵房_5#加压泵__温度_通道6_反馈,2025-02-28 02:35:04,0,192,20.1
_二期_供水泵房_5#加压泵__温度_通道6_反馈,2025-02-28 02:35:05,0,192,20.1
_二期_供水泵房_5#加压泵__温度_通道6_反馈,2025-02-28 02:35:06,0,192,20.1
_二期_供水泵房_5#加压泵__温度_通道6_反馈,2025-02-28 02:35:07,0,192,20.1
_二期_供水泵房_5#加压泵__温度_通道6_反馈,2025-02-28 02:35:08,0,192,20.1
_二期_供水泵房_5#加压泵__温度_通道6_反馈,2025-02-28 02:35:09,0,192,20.1
_二期_供水泵房_5#加压泵__温度_通道6_反馈,2025-02-28 02:35:10,0,192,20.1
_二期_供水泵房_5#加压泵__温度_通道6_反馈,2025-02-28 02:35:11,0,192,20.1
_二期_供水泵房_5#加压泵__温度_通道6_反馈,2025-02-28 02:35:12,0,192,20.1
_二期_供水泵房_5#加压泵__温度_通道6_反馈,2025-02-28 02:35:13,0,192,20.1
_二期_供水泵房_5#加压泵__温度_通道6_反馈,2025-02-28 02:35:14,0,192,20.1
_二期_供水泵房_5#加压泵__温度_通道6_反馈,2025-02-28 02:35:15,0,192,20.1
_二期_供水泵房_5#加压泵__温度_通道6_反馈,2025-02-28 02:35:16,0,192,20.1
_二期_供水泵房_5#加压泵__温度_通道6_反馈,2025-02-28 02:35:17,0,192,20.1
_二期_供水泵房_5#加压泵__温度_通道6_反馈,2025-02-28 02:35:18,0,192,20.1
_二期_供水泵房_5#加压泵__温度_通道6_反馈,2025-02-28 02:35:19,0,192,20.1
_二期_供水泵房_5#加压泵__温度_通道6_反馈,2025-02-28 02:35:20,0,192,20.1
_二期_供水泵房_5#加压泵__温度_通道6_反馈,2025-02-28 02:35:21,0,192,20.1
_二期_供水泵房_5#加压泵__温度_通道6_反馈,2025-02-28 02:35:22,0,192,20.1
_二期_供水泵房_5#加压泵__温度_通道6_反馈,2025-02-28 02:35:23,0,192,20.1
_二期_供水泵房_5#加压泵__温度_通道6_反馈,2025-02-28 02:35:24,0,192,20.1
_二期_供水泵房_5#加压泵__温度_通道6_反馈,2025-02-28 02:35:25,0,192,20.1
_二期_供水泵房_5#加压泵__温度_通道6_反馈,2025-02-28 02:35:26,0,192,20.1
_二期_供水泵房_5#加压泵__温度_通道6_反馈,2025-02-28 02:35:27,0,192,20.1
_二期_供水泵房_5#加压泵__温度_通道6_反馈,2025-02-28 02:35:28,0,192,20.1
_二期_供水泵房_5#加压泵__温度_通道6_反馈,2025-02-28 02:35:29,0,192,20.1
_二期_供水泵房_5#加压泵__温度_通道6_反馈,2025-02-28 02:35:30,0,192,20.1
_二期_供水泵房_5#加压泵__温度_通道6_反馈,2025-02-28 02:35:31,0,192,20.1
_二期_供水泵房_5#加压泵__温度_通道6_反馈,2025-02-28 02:35:32,0,192,20.1
_二期_供水泵房_5#加压泵__温度_通道6_反馈,2025-02-28 02:35:33,0,192,20.1
_二期_供水泵房_5#加压泵__温度_通道6_反馈,2025-02-28 02:35:34,0,192,20.1
_二期_供水泵房_5#加压泵__温度_通道6_反馈,2025-02-28 02:35:35,0,192,20.1
_二期_供水泵房_5#加压泵__温度_通道6_反馈,2025-02-28 02:35:36,0,192,20.1
_二期_供水泵房_5#加压泵__温度_通道6_反馈,2025-02-28 02:35:37,0,192,20.1
_二期_供水泵房_5#加压泵__温度_通道6_反馈,2025-02-28 02:35:38,0,192,20.1
_二期_供水泵房_5#加压泵__温度_通道6_反馈,2025-02-28 02:35:39,0,192,20.1
_二期_供水泵房_5#加压泵__温度_通道6_反馈,2025-02-28 02:35:40,0,192,20.1
_二期_供水泵房_5#加压泵__温度_通道6_反馈,2025-02-28 02:35:41,0,192,20.1
_二期_供水泵房_5#加压泵__温度_通道6_反馈,2025-02-28 02:35:42,0,192,20.1
_二期_供水泵房_5#加压泵__温度_通道6_反馈,2025-02-28 02:35:43,0,192,20.1
_二期_供水泵房_5#加压泵__温度_通道6_反馈,2025-02-28 02:35:44,0,192,20.1
_二期_供水泵房_5#加压泵__温度_通道6_反馈,2025-02-28 02:35:45,0,192,20.1
_二期_供水泵房_5#加压泵__温度_通道6_反馈,2025-02-28 02:35:46,0,192,20.1
_二期_供水泵房_5#加压泵__温度_通道6_反馈,2025-02-28 02:35:47,0,192,20.1
_二期_供水泵房_5#加压泵__温度_通道6_反馈,2025-02-28 02:35:48,0,192,20.1
_二期_供水泵房_5#加压泵__温度_通道6_反馈,2025-02-28 02:35:49,0,192,20.1
_二期_供水泵房_5#加压泵__温度_通道6_反馈,2025-02-28 02:35:50,0,192,20.1
_二期_供水泵房_5#加压泵__温度_通道6_反馈,2025-02-28 02:35:51,0,192,20.1
_二期_供水泵房_5#加压泵__温度_通道6_反馈,2025-02-28 02:35:52,0,192,20.1
_二期_供水泵房_5#加压泵__温度_通道6_反馈,2025-02-28 02:35:53,0,192,20.1
_二期_供水泵房_5#加压泵__温度_通道6_反馈,2025-02-28 02:35:54,0,192,20.1
_二期_供水泵房_5#加压泵__温度_通道6_反馈,2025-02-28 02:35:55,0,192,20.1
_二期_供水泵房_5#加压泵__温度_通道6_反馈,2025-02-28 02:35:56,0,192,20.1
_二期_供水泵房_5#加压泵__温度_通道6_反馈,2025-02-28 02:35:57,0,192,20.1
_二期_供水泵房_5#加压泵__温度_通道6_反馈,2025-02-28 02:35:58,0,192,20.1
_二期_供水泵房_5#加压泵__温度_通道6_反馈,2025-02-28 02:35:59,0,192,20.1
_二期_供水泵房_5#加压泵__温度_通道6_反馈,2025-02-28 02:36:00,0,192,20.1
_二期_供水泵房_5#加压泵__温度_通道6_反馈,2025-02-28 02:36:01,0,192,20.1
_二期_供水泵房_5#加压泵__温度_通道6_反馈,2025-02-28 02:36:02,0,192,20.1
_二期_供水泵房_5#加压泵__温度_通道6_反馈,2025-02-28 02:36:03,0,192,20.1
_二期_供水泵房_5#加压泵__温度_通道6_反馈,2025-02-28 02:36:04,0,192,20.1
_二期_供水泵房_5#加压泵__温度_通道6_反馈,2025-02-28 02:36:05,0,192,20.1
_二期_供水泵房_5#加压泵__温度_通道6_反馈,2025-02-28 02:36:06,0,192,20.1
_二期_供水泵房_5#加压泵__温度_通道6_反馈,2025-02-28 02:36:07,0,192,20.1
_二期_供水泵房_5#加压泵__温度_通道6_反馈,2025-02-28 02:36:08,0,192,20.1
_二期_供水泵房_5#加压泵__温度_通道6_反馈,2025-02-28 02:36:09,0,192,20.1
_二期_供水泵房_5#加压泵__温度_通道6_反馈,2025-02-28 02:36:10,0,192,20.1
_二期_供水泵房_5#加压泵__温度_通道6_反馈,2025-02-28 02:36:11,0,192,20.1
_二期_供水泵房_5#加压泵__温度_通道6_反馈,2025-02-28 02:36:12,0,192,20.1
_二期_供水泵房_5#加压泵__温度_通道6_反馈,2025-02-28 02:36:13,0,192,20.1
_二期_供水泵房_5#加压泵__温度_通道6_反馈,2025-02-28 02:36:14,0,192,20.1
_二期_供水泵房_5#加压泵__温度_通道6_反馈,2025-02-28 02:36:15,0,192,20.1
_二期_供水泵房_5#加压泵__温度_通道6_反馈,2025-02-28 02:36:16,0,192,20.1
_二期_供水泵房_5#加压泵__温度_通道6_反馈,2025-02-28 02:36:17,0,192,20.1
_二期_供水泵房_5#加压泵__温度_通道6_反馈,2025-02-28 02:36:18,0,192,20.1
_二期_供水泵房_5#加压泵__温度_通道6_反馈,2025-02-28 02:36:19,0,192,20.1
_二期_供水泵房_5#加压泵__温度_通道6_反馈,2025-02-28 02:36:20,0,192,20.1
_二期_供水泵房_5#加压泵__温度_通道6_反馈,2025-02-28 02:36:21,0,192,20.1
_二期_供水泵房_5#加压泵__温度_通道6_反馈,2025-02-28 02:36:22,0,192,20.1
_二期_供水泵房_5#加压泵__温度_通道6_反馈,2025-02-28 02:36:23,0,192,20.1
_二期_供水泵房_5#加压泵__温度_通道6_反馈,2025-02-28 02:36:24,0,192,20.1
_二期_供水泵房_5#加压泵__温度_通道6_反馈,2025-02-28 02:36:25,0,192,20.1
_二期_供水泵房_5#加压泵__温度_通道6_反馈,2025-02-28 02:36:26,0,192,20.1
_二期_供水泵房_5#加压泵__温度_通道6_反馈,2025-02-28 02:36:27,0,192,20.1
_二期_供水泵房_5#加压泵__温度_通道6_反馈,2025-02-28 02:36:28,0,192,20.1
_二期_供水泵房_5#加压泵__温度_通道6_反馈,2025-02-28 02:36:29,0,192,20.1
_二期_供水泵房_5#加压泵__温度_通道6_反馈,2025-02-28 02:36:30,0,192,20.1
_二期_供水泵房_5#加压泵__温度_通道6_反馈,2025-02-28 02:36:31,0,192,20.1
_二期_供水泵房_5#加压泵__温度_通道6_反馈,2025-02-28 02:36:32,0,192,20.1
_二期_供水泵房_5#加压泵__温度_通道6_反馈,2025-02-28 02:36:33,0,192,20.1
_二期_供水泵房_5#加压泵__温度_通道6_反馈,2025-02-28 02:36:34,0,192,20.1
_二期_供水泵房_5#加压泵__温度_通道6_反馈,2025-02-28 02:36:35,0,192,20.1
_二期_供水泵房_5#加压泵__温度_通道6_反馈,2025-02-28 02:36:36,0,192,20.1
_二期_供水泵房_5#加压泵__温度_通道6_反馈,2025-02-28 02:36:37,0,192,20.1
_二期_供水泵房_5#加压泵__温度_通道6_反馈,2025-02-28 02:36:38,0,192,20.1
_二期_供水泵房_5#加压泵__温度_通道6_反馈,2025-02-28 02:36:39,0,192,20.1
_二期_供水泵房_5#加压泵__温度_通道6_反馈,2025-02-28 02:36:40,0,192,20.1
_二期_供水泵房_5#加压泵__温度_通道6_反馈,2025-02-28 02:36:41,0,192,20.1
_二期_供水泵房_5#加压泵__温度_通道6_反馈,2025-02-28 02:36:42,0,192,20.1
_二期_供水泵房_5#加压泵__温度_通道6_反馈,2025-02-28 02:36:43,0,192,20.1
_二期_供水泵房_5#加压泵__温度_通道6_反馈,2025-02-28 02:36:44,0,192,20.1
_二期_供水泵房_5#加压泵__温度_通道6_反馈,2025-02-28 02:36:45,0,192,20.1
_二期_供水泵房_5#加压泵__温度_通道6_反馈,2025-02-28 02:36:46,0,192,20.1
_二期_供水泵房_5#加压泵__温度_通道6_反馈,2025-02-28 02:36:47,0,192,20.1
_二期_供水泵房_5#加压泵__温度_通道6_反馈,2025-02-28 02:36:48,0,192,20.1
_二期_供水泵房_5#加压泵__温度_通道6_反馈,2025-02-28 02:36:49,0,192,20.1
_二期_供水泵房_5#加压泵__温度_通道6_反馈,2025-02-28 02:36:50,0,192,20.1
_二期_供水泵房_5#加压泵__温度_通道6_反馈,2025-02-28 02:36:51,0,192,20.1
_二期_供水泵房_5#加压泵__温度_通道6_反馈,2025-02-28 02:36:52,0,192,20.1
_二期_供水泵房_5#加压泵__温度_通道6_反馈,2025-02-28 02:36:53,0,192,20.1
_二期_供水泵房_5#加压泵__温度_通道6_反馈,2025-02-28 02:36:54,0,192,20.1
_二期_供水泵房_5#加压泵__温度_通道6_反馈,2025-02-28 02:36:55,0,192,20.1
_二期_供水泵房_5#加压泵__温度_通道6_反馈,2025-02-28 02:36:56,0,192,20.1
_二期_供水泵房_5#加压泵__温度_通道6_反馈,2025-02-28 02:36:57,0,192,20.1
_二期_供水泵房_5#加压泵__温度_通道6_反馈,2025-02-28 02:36:58,0,192,20.1
_二期_供水泵房_5#加压泵__温度_通道6_反馈,2025-02-28 02:36:59,0,192,20.1
_二期_供水泵房_5#加压泵__温度_通道6_反馈,2025-02-28 02:37:00,0,192,20.1
_二期_供水泵房_5#加压泵__温度_通道6_反馈,2025-02-28 02:37:01,0,192,20.1
_二期_供水泵房_5#加压泵__温度_通道6_反馈,2025-02-28 02:37:02,0,192,20.1
_二期_供水泵房_5#加压泵__温度_通道6_反馈,2025-02-28 02:37:03,0,192,20.1
_二期_供水泵房_5#加压泵__温度_通道6_反馈,2025-02-28 02:37:04,0,192,20.1
_二期_供水泵房_5#加压泵__温度_通道6_反馈,2025-02-28 02:37:05,0,192,20.1
_二期_供水泵房_5#加压泵__温度_通道6_反馈,2025-02-28 02:37:06,0,192,20.1
_二期_供水泵房_5#加压泵__温度_通道6_反馈,2025-02-28 02:37:07,0,192,20.1
_二期_供水泵房_5#加压泵__温度_通道6_反馈,2025-02-28 02:37:08,0,192,20.1
_二期_供水泵房_5#加压泵__温度_通道6_反馈,2025-02-28 02:37:09,0,192,20.1
_二期_供水泵房_5#加压泵__温度_通道6_反馈,2025-02-28 02:37:10,0,192,20.1
_二期_供水泵房_5#加压泵__温度_通道6_反馈,2025-02-28 02:37:11,0,192,20.1
_二期_供水泵房_5#加压泵__温度_通道6_反馈,2025-02-28 02:37:12,0,192,20.1
_二期_供水泵房_5#加压泵__温度_通道6_反馈,2025-02-28 02:37:13,0,192,20.1
_二期_供水泵房_5#加压泵__温度_通道6_反馈,2025-02-28 02:37:14,0,192,20.1
_二期_供水泵房_5#加压泵__温度_通道6_反馈,2025-02-28 02:37:15,0,192,20.1
_二期_供水泵房_5#加压泵__温度_通道6_反馈,2025-02-28 02:37:16,0,192,20.1
_二期_供水泵房_5#加压泵__温度_通道6_反馈,2025-02-28 02:37:17,0,192,20.1
_二期_供水泵房_5#加压泵__温度_通道6_反馈,2025-02-28 02:37:18,0,192,20.1
_二期_供水泵房_5#加压泵__温度_通道6_反馈,2025-02-28 02:37:19,0,192,20.1
_二期_供水泵房_5#加压泵__温度_通道6_反馈,2025-02-28 02:37:20,0,192,20.1
_二期_供水泵房_5#加压泵__温度_通道6_反馈,2025-02-28 02:37:21,0,192,20.1
_二期_供水泵房_5#加压泵__温度_通道6_反馈,2025-02-28 02:37:22,0,192,20.1
_二期_供水泵房_5#加压泵__温度_通道6_反馈,2025-02-28 02:37:23,0,192,20.1
_二期_供水泵房_5#加压泵__温度_通道6_反馈,2025-02-28 02:37:24,0,192,20.1
_二期_供水泵房_5#加压泵__温度_通道6_反馈,2025-02-28 02:37:25,0,192,20.1
_二期_供水泵房_5#加压泵__温度_通道6_反馈,2025-02-28 02:37:26,0,192,20.1
_二期_供水泵房_5#加压泵__温度_通道6_反馈,2025-02-28 02:37:27,0,192,20.1
_二期_供水泵房_5#加压泵__温度_通道6_反馈,2025-02-28 02:37:28,0,192,20.1
_二期_供水泵房_5#加压泵__温度_通道6_反馈,2025-02-28 02:37:29,0,192,20.1
_二期_供水泵房_5#加压泵__温度_通道6_反馈,2025-02-28 02:37:30,0,192,20.1
_二期_供水泵房_5#加压泵__温度_通道6_反馈,2025-02-28 02:37:31,0,192,20.1
_二期_供水泵房_5#加压泵__温度_通道6_反馈,2025-02-28 02:37:32,0,192,20.1
_二期_供水泵房_5#加压泵__温度_通道6_反馈,2025-02-28 02:37:33,0,192,20.1
_二期_供水泵房_5#加压泵__温度_通道6_反馈,2025-02-28 02:37:34,0,192,20.1
_二期_供水泵房_5#加压泵__温度_通道6_反馈,2025-02-28 02:37:35,0,192,20.1
_二期_供水泵房_5#加压泵__温度_通道6_反馈,2025-02-28 02:37:36,0,192,20.1
_二期_供水泵房_5#加压泵__温度_通道6_反馈,2025-02-28 02:37:37,0,192,20.1
_二期_供水泵房_5#加压泵__温度_通道6_反馈,2025-02-28 02:37:38,0,192,20.1
_二期_供水泵房_5#加压泵__温度_通道6_反馈,2025-02-28 02:37:39,0,192,20.1
_二期_供水泵房_5#加压泵__温度_通道6_反馈,2025-02-28 02:37:40,0,192,20.1
_二期_供水泵房_5#加压泵__温度_通道6_反馈,2025-02-28 02:37:41,0,192,20.1
_二期_供水泵房_5#加压泵__温度_通道6_反馈,2025-02-28 02:37:42,0,192,20.1
_二期_供水泵房_5#加压泵__温度_通道6_反馈,2025-02-28 02:37:43,0,192,20.1
_二期_供水泵房_5#加压泵__温度_通道6_反馈,2025-02-28 02:37:44,0,192,20.1
_二期_供水泵房_5#加压泵__温度_通道6_反馈,2025-02-28 02:37:45,0,192,20.1
_二期_供水泵房_5#加压泵__温度_通道6_反馈,2025-02-28 02:37:46,0,192,20.1
_二期_供水泵房_5#加压泵__温度_通道6_反馈,2025-02-28 02:37:47,0,192,20.1
_二期_供水泵房_5#加压泵__温度_通道6_反馈,2025-02-28 02:37:48,0,192,20.1
_二期_供水泵房_5#加压泵__温度_通道6_反馈,2025-02-28 02:37:49,0,192,20.1
_二期_供水泵房_5#加压泵__温度_通道6_反馈,2025-02-28 02:37:50,0,192,20.1
_二期_供水泵房_5#加压泵__温度_通道6_反馈,2025-02-28 02:37:51,0,192,20.1
_二期_供水泵房_5#加压泵__温度_通道6_反馈,2025-02-28 02:37:52,0,192,20.1
_二期_供水泵房_5#加压泵__温度_通道6_反馈,2025-02-28 02:37:53,0,192,20.1
_二期_供水泵房_5#加压泵__温度_通道6_反馈,2025-02-28 02:37:54,0,192,20.1
_二期_供水泵房_5#加压泵__温度_通道6_反馈,2025-02-28 02:37:55,0,192,20.1
_二期_供水泵房_5#加压泵__温度_通道6_反馈,2025-02-28 02:37:56,0,192,20.1
_二期_供水泵房_5#加压泵__温度_通道6_反馈,2025-02-28 02:37:57,0,192,20.1
_二期_供水泵房_5#加压泵__温度_通道6_反馈,2025-02-28 02:37:58,0,192,20.1
_二期_供水泵房_5#加压泵__温度_通道6_反馈,2025-02-28 02:37:59,0,192,20.1
_二期_供水泵房_5#加压泵__温度_通道6_反馈,2025-02-28 02:38:00,0,192,20.1
_二期_供水泵房_5#加压泵__温度_通道6_反馈,2025-02-28 02:38:01,0,192,20.1
_二期_供水泵房_5#加压泵__温度_通道6_反馈,2025-02-28 02:38:02,0,192,20.1
_二期_供水泵房_5#加压泵__温度_通道6_反馈,2025-02-28 02:38:03,0,192,20.1
_二期_供水泵房_5#加压泵__温度_通道6_反馈,2025-02-28 02:38:04,0,192,20.1
_二期_供水泵房_5#加压泵__温度_通道6_反馈,2025-02-28 02:38:05,0,192,20.1
_二期_供水泵房_5#加压泵__温度_通道6_反馈,2025-02-28 02:38:06,0,192,20.1
_二期_供水泵房_5#加压泵__温度_通道6_反馈,2025-02-28 02:38:07,0,192,20.1
_二期_供水泵房_5#加压泵__温度_通道6_反馈,2025-02-28 02:38:08,0,192,20.1
_二期_供水泵房_5#加压泵__温度_通道6_反馈,2025-02-28 02:38:09,0,192,20.1
_二期_供水泵房_5#加压泵__温度_通道6_反馈,2025-02-28 02:38:10,0,192,20.1
_二期_供水泵房_5#加压泵__温度_通道6_反馈,2025-02-28 02:38:11,0,192,20.1
_二期_供水泵房_5#加压泵__温度_通道6_反馈,2025-02-28 02:38:12,0,192,20.1
_二期_供水泵房_5#加压泵__温度_通道6_反馈,2025-02-28 02:38:13,0,192,20.1
_二期_供水泵房_5#加压泵__温度_通道6_反馈,2025-02-28 02:38:14,0,192,20.1
_二期_供水泵房_5#加压泵__温度_通道6_反馈,2025-02-28 02:38:15,0,192,20.1
_二期_供水泵房_5#加压泵__温度_通道6_反馈,2025-02-28 02:38:16,0,192,20.1
_二期_供水泵房_5#加压泵__温度_通道6_反馈,2025-02-28 02:38:17,0,192,20.1
_二期_供水泵房_5#加压泵__温度_通道6_反馈,2025-02-28 02:38:18,0,192,20.1
_二期_供水泵房_5#加压泵__温度_通道6_反馈,2025-02-28 02:38:19,0,192,20.1
_二期_供水泵房_5#加压泵__温度_通道6_反馈,2025-02-28 02:38:20,0,192,20.1
_二期_供水泵房_5#加压泵__温度_通道6_反馈,2025-02-28 02:38:21,0,192,20.1
_二期_供水泵房_5#加压泵__温度_通道6_反馈,2025-02-28 02:38:22,0,192,20.1
_二期_供水泵房_5#加压泵__温度_通道6_反馈,2025-02-28 02:38:23,0,192,20.1
_二期_供水泵房_5#加压泵__温度_通道6_反馈,2025-02-28 02:38:24,0,192,20.1
_二期_供水泵房_5#加压泵__温度_通道6_反馈,2025-02-28 02:38:25,0,192,20.1
_二期_供水泵房_5#加压泵__温度_通道6_反馈,2025-02-28 02:38:26,0,192,20.1
_二期_供水泵房_5#加压泵__温度_通道6_反馈,2025-02-28 02:38:27,0,192,20.1
_二期_供水泵房_5#加压泵__温度_通道6_反馈,2025-02-28 02:38:28,0,192,20.1
_二期_供水泵房_5#加压泵__温度_通道6_反馈,2025-02-28 02:38:29,0,192,20.1
_二期_供水泵房_5#加压泵__温度_通道6_反馈,2025-02-28 02:38:30,0,192,20.1
_二期_供水泵房_5#加压泵__温度_通道6_反馈,2025-02-28 02:38:31,0,192,20.1
_二期_供水泵房_5#加压泵__温度_通道6_反馈,2025-02-28 02:38:32,0,192,20.1
_二期_供水泵房_5#加压泵__温度_通道6_反馈,2025-02-28 02:38:33,0,192,20.1
_二期_供水泵房_5#加压泵__温度_通道6_反馈,2025-02-28 02:38:34,0,192,20.1
_二期_供水泵房_5#加压泵__温度_通道6_反馈,2025-02-28 02:38:35,0,192,20.1
_二期_供水泵房_5#加压泵__温度_通道6_反馈,2025-02-28 02:38:36,0,192,20.1
_二期_供水泵房_5#加压泵__温度_通道6_反馈,2025-02-28 02:38:37,0,192,20.1
_二期_供水泵房_5#加压泵__温度_通道6_反馈,2025-02-28 02:38:38,0,192,20.1
_二期_供水泵房_5#加压泵__温度_通道6_反馈,2025-02-28 02:38:39,0,192,20.1
_二期_供水泵房_5#加压泵__温度_通道6_反馈,2025-02-28 02:38:40,0,192,20.1
_二期_供水泵房_5#加压泵__温度_通道6_反馈,2025-02-28 02:38:41,0,192,20.1
_二期_供水泵房_5#加压泵__温度_通道6_反馈,2025-02-28 02:38:42,0,192,20.1
_二期_供水泵房_5#加压泵__温度_通道6_反馈,2025-02-28 02:38:43,0,192,20.1
_二期_供水泵房_5#加压泵__温度_通道6_反馈,2025-02-28 02:38:44,0,192,20.1
_二期_供水泵房_5#加压泵__温度_通道6_反馈,2025-02-28 02:38:45,0,192,20.1
_二期_供水泵房_5#加压泵__温度_通道6_反馈,2025-02-28 02:38:46,0,192,20.1
_二期_供水泵房_5#加压泵__温度_通道6_反馈,2025-02-28 02:38:47,0,192,20.1
_二期_供水泵房_5#加压泵__温度_通道6_反馈,2025-02-28 02:38:48,0,192,20.1
_二期_供水泵房_5#加压泵__温度_通道6_反馈,2025-02-28 02:38:49,0,192,20.1
_二期_供水泵房_5#加压泵__温度_通道6_反馈,2025-02-28 02:38:50,0,192,20.1
_二期_供水泵房_5#加压泵__温度_通道6_反馈,2025-02-28 02:38:51,0,192,20.1
_二期_供水泵房_5#加压泵__温度_通道6_反馈,2025-02-28 02:38:52,0,192,20.1
_二期_供水泵房_5#加压泵__温度_通道6_反馈,2025-02-28 02:38:53,0,192,20.1
_二期_供水泵房_5#加压泵__温度_通道6_反馈,2025-02-28 02:38:54,0,192,20.1
_二期_供水泵房_5#加压泵__温度_通道6_反馈,2025-02-28 02:38:55,0,192,20.1
_二期_供水泵房_5#加压泵__温度_通道6_反馈,2025-02-28 02:38:56,0,192,20.1
_二期_供水泵房_5#加压泵__温度_通道6_反馈,2025-02-28 02:38:57,0,192,20.1
_二期_供水泵房_5#加压泵__温度_通道6_反馈,2025-02-28 02:38:58,0,192,20.1
_二期_供水泵房_5#加压泵__温度_通道6_反馈,2025-02-28 02:38:59,0,192,20.1
_二期_供水泵房_5#加压泵__温度_通道6_反馈,2025-02-28 02:39:00,0,192,20.1
_二期_供水泵房_5#加压泵__温度_通道6_反馈,2025-02-28 02:39:01,0,192,20.1
_二期_供水泵房_5#加压泵__温度_通道6_反馈,2025-02-28 02:39:02,0,192,20.1
_二期_供水泵房_5#加压泵__温度_通道6_反馈,2025-02-28 02:39:03,0,192,20.1
_二期_供水泵房_5#加压泵__温度_通道6_反馈,2025-02-28 02:39:04,0,192,20.1
_二期_供水泵房_5#加压泵__温度_通道6_反馈,2025-02-28 02:39:05,0,192,20.1
_二期_供水泵房_5#加压泵__温度_通道6_反馈,2025-02-28 02:39:06,0,192,20.1
_二期_供水泵房_5#加压泵__温度_通道6_反馈,2025-02-28 02:39:07,0,192,20.1
_二期_供水泵房_5#加压泵__温度_通道6_反馈,2025-02-28 02:39:08,0,192,20.1
_二期_供水泵房_5#加压泵__温度_通道6_反馈,2025-02-28 02:39:09,0,192,20.1
_二期_供水泵房_5#加压泵__温度_通道6_反馈,2025-02-28 02:39:10,0,192,20.1
_二期_供水泵房_5#加压泵__温度_通道6_反馈,2025-02-28 02:39:11,0,192,20.1
_二期_供水泵房_5#加压泵__温度_通道6_反馈,2025-02-28 02:39:12,0,192,20.1
_二期_供水泵房_5#加压泵__温度_通道6_反馈,2025-02-28 02:39:13,0,192,20.1
_二期_供水泵房_5#加压泵__温度_通道6_反馈,2025-02-28 02:39:14,0,192,20.1
_二期_供水泵房_5#加压泵__温度_通道6_反馈,2025-02-28 02:39:15,0,192,20.1
_二期_供水泵房_5#加压泵__温度_通道6_反馈,2025-02-28 02:39:16,0,192,20.1
_二期_供水泵房_5#加压泵__温度_通道6_反馈,2025-02-28 02:39:17,0,192,20.1
_二期_供水泵房_5#加压泵__温度_通道6_反馈,2025-02-28 02:39:18,0,192,20.1
_二期_供水泵房_5#加压泵__温度_通道6_反馈,2025-02-28 02:39:19,0,192,20.1
_二期_供水泵房_5#加压泵__温度_通道6_反馈,2025-02-28 02:39:20,0,192,20.1
_二期_供水泵房_5#加压泵__温度_通道6_反馈,2025-02-28 02:39:21,0,192,20.1
_二期_供水泵房_5#加压泵__温度_通道6_反馈,2025-02-28 02:39:22,0,192,20.1
_二期_供水泵房_5#加压泵__温度_通道6_反馈,2025-02-28 02:39:23,0,192,20.1
_二期_供水泵房_5#加压泵__温度_通道6_反馈,2025-02-28 02:39:24,0,192,20.1
_二期_供水泵房_5#加压泵__温度_通道6_反馈,2025-02-28 02:39:25,0,192,20.1
_二期_供水泵房_5#加压泵__温度_通道6_反馈,2025-02-28 02:39:26,0,192,20.1
_二期_供水泵房_5#加压泵__温度_通道6_反馈,2025-02-28 02:39:27,0,192,20.1
_二期_供水泵房_5#加压泵__温度_通道6_反馈,2025-02-28 02:39:28,0,192,20.1
_二期_供水泵房_5#加压泵__温度_通道6_反馈,2025-02-28 02:39:29,0,192,20.1
_二期_供水泵房_5#加压泵__温度_通道6_反馈,2025-02-28 02:39:30,0,192,20.1
_二期_供水泵房_5#加压泵__温度_通道6_反馈,2025-02-28 02:39:31,0,192,20.1
_二期_供水泵房_5#加压泵__温度_通道6_反馈,2025-02-28 02:39:32,0,192,20.1
_二期_供水泵房_5#加压泵__温度_通道6_反馈,2025-02-28 02:39:33,0,192,20.1
_二期_供水泵房_5#加压泵__温度_通道6_反馈,2025-02-28 02:39:34,0,192,20.1
_二期_供水泵房_5#加压泵__温度_通道6_反馈,2025-02-28 02:39:35,0,192,20.1
_二期_供水泵房_5#加压泵__温度_通道6_反馈,2025-02-28 02:39:36,0,192,20.1
_二期_供水泵房_5#加压泵__温度_通道6_反馈,2025-02-28 02:39:37,0,192,20.1
_二期_供水泵房_5#加压泵__温度_通道6_反馈,2025-02-28 02:39:38,0,192,20.1
_二期_供水泵房_5#加压泵__温度_通道6_反馈,2025-02-28 02:39:39,0,192,20.1
_二期_供水泵房_5#加压泵__温度_通道6_反馈,2025-02-28 02:39:40,0,192,20.1
_二期_供水泵房_5#加压泵__温度_通道6_反馈,2025-02-28 02:39:41,0,192,20.1
_二期_供水泵房_5#加压泵__温度_通道6_反馈,2025-02-28 02:39:42,0,192,20.1
_二期_供水泵房_5#加压泵__温度_通道6_反馈,2025-02-28 02:39:43,0,192,20.1
_二期_供水泵房_5#加压泵__温度_通道6_反馈,2025-02-28 02:39:44,0,192,20.1
_二期_供水泵房_5#加压泵__温度_通道6_反馈,2025-02-28 02:39:45,0,192,20.1
_二期_供水泵房_5#加压泵__温度_通道6_反馈,2025-02-28 02:39:46,0,192,20.1
_二期_供水泵房_5#加压泵__温度_通道6_反馈,2025-02-28 02:39:47,0,192,20.1
_二期_供水泵房_5#加压泵__温度_通道6_反馈,2025-02-28 02:39:48,0,192,20.1
_二期_供水泵房_5#加压泵__温度_通道6_反馈,2025-02-28 02:39:49,0,192,20.1
_二期_供水泵房_5#加压泵__温度_通道6_反馈,2025-02-28 02:39:50,0,192,20.1
_二期_供水泵房_5#加压泵__温度_通道6_反馈,2025-02-28 02:39:51,0,192,20.1
_二期_供水泵房_5#加压泵__温度_通道6_反馈,2025-02-28 02:39:52,0,192,20.1
_二期_供水泵房_5#加压泵__温度_通道6_反馈,2025-02-28 02:39:53,0,192,20.1
_二期_供水泵房_5#加压泵__温度_通道6_反馈,2025-02-28 02:39:54,0,192,20.1
_二期_供水泵房_5#加压泵__温度_通道6_反馈,2025-02-28 02:39:55,0,192,20.1
_二期_供水泵房_5#加压泵__温度_通道6_反馈,2025-02-28 02:39:56,0,192,20.1
_二期_供水泵房_5#加压泵__温度_通道6_反馈,2025-02-28 02:39:57,0,192,20.1
_二期_供水泵房_5#加压泵__温度_通道6_反馈,2025-02-28 02:39:58,0,192,20.1
_二期_供水泵房_5#加压泵__温度_通道6_反馈,2025-02-28 02:39:59,0,192,20.1
_二期_供水泵房_5#加压泵__温度_通道6_反馈,2025-02-28 02:40:00,0,192,20.1
_二期_供水泵房_5#加压泵__温度_通道6_反馈,2025-02-28 02:40:01,0,192,20.1
_二期_供水泵房_5#加压泵__温度_通道6_反馈,2025-02-28 02:40:02,0,192,20.1
_二期_供水泵房_5#加压泵__温度_通道6_反馈,2025-02-28 02:40:03,0,192,20.1
_二期_供水泵房_5#加压泵__温度_通道6_反馈,2025-02-28 02:40:04,0,192,20.1
_二期_供水泵房_5#加压泵__温度_通道6_反馈,2025-02-28 02:40:05,0,192,20.1
_二期_供水泵房_5#加压泵__温度_通道6_反馈,2025-02-28 02:40:06,0,192,20.1
_二期_供水泵房_5#加压泵__温度_通道6_反馈,2025-02-28 02:40:07,0,192,20.1
_二期_供水泵房_5#加压泵__温度_通道6_反馈,2025-02-28 02:40:08,0,192,20.1
_二期_供水泵房_5#加压泵__温度_通道6_反馈,2025-02-28 02:40:09,0,192,20.1
_二期_供水泵房_5#加压泵__温度_通道6_反馈,2025-02-28 02:40:10,0,192,20.1
_二期_供水泵房_5#加压泵__温度_通道6_反馈,2025-02-28 02:40:11,0,192,20.1
_二期_供水泵房_5#加压泵__温度_通道6_反馈,2025-02-28 02:40:12,0,192,20.1
_二期_供水泵房_5#加压泵__温度_通道6_反馈,2025-02-28 02:40:13,0,192,20.1
_二期_供水泵房_5#加压泵__温度_通道6_反馈,2025-02-28 02:40:14,0,192,20.1
_二期_供水泵房_5#加压泵__温度_通道6_反馈,2025-02-28 02:40:15,0,192,20.1
_二期_供水泵房_5#加压泵__温度_通道6_反馈,2025-02-28 02:40:16,0,192,20.1
_二期_供水泵房_5#加压泵__温度_通道6_反馈,2025-02-28 02:40:17,0,192,20.1
_二期_供水泵房_5#加压泵__温度_通道6_反馈,2025-02-28 02:40:18,0,192,20.1
_二期_供水泵房_5#加压泵__温度_通道6_反馈,2025-02-28 02:40:19,0,192,20.1
_二期_供水泵房_5#加压泵__温度_通道6_反馈,2025-02-28 02:40:20,0,192,20.1
_二期_供水泵房_5#加压泵__温度_通道6_反馈,2025-02-28 02:40:21,0,192,20.1
_二期_供水泵房_5#加压泵__温度_通道6_反馈,2025-02-28 02:40:22,0,192,20.1
_二期_供水泵房_5#加压泵__温度_通道6_反馈,2025-02-28 02:40:23,0,192,20.1
_二期_供水泵房_5#加压泵__温度_通道6_反馈,2025-02-28 02:40:24,0,192,20.1
_二期_供水泵房_5#加压泵__温度_通道6_反馈,2025-02-28 02:40:25,0,192,20.1
_二期_供水泵房_5#加压泵__温度_通道6_反馈,2025-02-28 02:40:26,0,192,20.1
_二期_供水泵房_5#加压泵__温度_通道6_反馈,2025-02-28 02:40:27,0,192,20.1
_二期_供水泵房_5#加压泵__温度_通道6_反馈,2025-02-28 02:40:28,0,192,20.1
_二期_供水泵房_5#加压泵__温度_通道6_反馈,2025-02-28 02:40:29,0,192,20.1
_二期_供水泵房_5#加压泵__温度_通道6_反馈,2025-02-28 02:40:30,0,192,20.1
_二期_供水泵房_5#加压泵__温度_通道6_反馈,2025-02-28 02:40:31,0,192,20.1
_二期_供水泵房_5#加压泵__温度_通道6_反馈,2025-02-28 02:40:32,0,192,20.1
_二期_供水泵房_5#加压泵__温度_通道6_反馈,2025-02-28 02:40:33,0,192,20.1
_二期_供水泵房_5#加压泵__温度_通道6_反馈,2025-02-28 02:40:34,0,192,20.1
_二期_供水泵房_5#加压泵__温度_通道6_反馈,2025-02-28 02:40:35,0,192,20.1
_二期_供水泵房_5#加压泵__温度_通道6_反馈,2025-02-28 02:40:36,0,192,20.1
_二期_供水泵房_5#加压泵__温度_通道6_反馈,2025-02-28 02:40:37,0,192,20.1
_二期_供水泵房_5#加压泵__温度_通道6_反馈,2025-02-28 02:40:38,0,192,20.1
_二期_供水泵房_5#加压泵__温度_通道6_反馈,2025-02-28 02:40:39,0,192,20.1
_二期_供水泵房_5#加压泵__温度_通道6_反馈,2025-02-28 02:40:40,0,192,20.1
_二期_供水泵房_5#加压泵__温度_通道6_反馈,2025-02-28 02:40:41,0,192,20.1
_二期_供水泵房_5#加压泵__温度_通道6_反馈,2025-02-28 02:40:42,0,192,20.1
_二期_供水泵房_5#加压泵__温度_通道6_反馈,2025-02-28 02:40:43,0,192,20.1
_二期_供水泵房_5#加压泵__温度_通道6_反馈,2025-02-28 02:40:44,0,192,20.1
_二期_供水泵房_5#加压泵__温度_通道6_反馈,2025-02-28 02:40:45,0,192,20.1
_二期_供水泵房_5#加压泵__温度_通道6_反馈,2025-02-28 02:40:46,0,192,20.1
_二期_供水泵房_5#加压泵__温度_通道6_反馈,2025-02-28 02:40:47,0,192,20.1
_二期_供水泵房_5#加压泵__温度_通道6_反馈,2025-02-28 02:40:48,0,192,20.1
_二期_供水泵房_5#加压泵__温度_通道6_反馈,2025-02-28 02:40:49,0,192,20.1
_二期_供水泵房_5#加压泵__温度_通道6_反馈,2025-02-28 02:40:50,0,192,20.1
_二期_供水泵房_5#加压泵__温度_通道6_反馈,2025-02-28 02:40:51,0,192,20.1
_二期_供水泵房_5#加压泵__温度_通道6_反馈,2025-02-28 02:40:52,0,192,20.1
_二期_供水泵房_5#加压泵__温度_通道6_反馈,2025-02-28 02:40:53,0,192,20.1
_二期_供水泵房_5#加压泵__温度_通道6_反馈,2025-02-28 02:40:54,0,192,20.1
_二期_供水泵房_5#加压泵__温度_通道6_反馈,2025-02-28 02:40:55,0,192,20.1
_二期_供水泵房_5#加压泵__温度_通道6_反馈,2025-02-28 02:40:56,0,192,20.1
_二期_供水泵房_5#加压泵__温度_通道6_反馈,2025-02-28 02:40:57,0,192,20.1
_二期_供水泵房_5#加压泵__温度_通道6_反馈,2025-02-28 02:40:58,0,192,20.1
_二期_供水泵房_5#加压泵__温度_通道6_反馈,2025-02-28 02:40:59,0,192,20.1
_二期_供水泵房_5#加压泵__温度_通道6_反馈,2025-02-28 02:41:00,0,192,20.1
_二期_供水泵房_5#加压泵__温度_通道6_反馈,2025-02-28 02:41:01,0,192,20.1
_二期_供水泵房_5#加压泵__温度_通道6_反馈,2025-02-28 02:41:02,0,192,20.1
_二期_供水泵房_5#加压泵__温度_通道6_反馈,2025-02-28 02:41:03,0,192,20.1
_二期_供水泵房_5#加压泵__温度_通道6_反馈,2025-02-28 02:41:04,0,192,20.1
_二期_供水泵房_5#加压泵__温度_通道6_反馈,2025-02-28 02:41:05,0,192,20.1
_二期_供水泵房_5#加压泵__温度_通道6_反馈,2025-02-28 02:41:06,0,192,20.1
_二期_供水泵房_5#加压泵__温度_通道6_反馈,2025-02-28 02:41:07,0,192,20.1
_二期_供水泵房_5#加压泵__温度_通道6_反馈,2025-02-28 02:41:08,0,192,20.1
_二期_供水泵房_5#加压泵__温度_通道6_反馈,2025-02-28 02:41:09,0,192,20.1
_二期_供水泵房_5#加压泵__温度_通道6_反馈,2025-02-28 02:41:10,0,192,20.1
_二期_供水泵房_5#加压泵__温度_通道6_反馈,2025-02-28 02:41:11,0,192,20.1
_二期_供水泵房_5#加压泵__温度_通道6_反馈,2025-02-28 02:41:12,0,192,20.1
_二期_供水泵房_5#加压泵__温度_通道6_反馈,2025-02-28 02:41:13,0,192,20.1
_二期_供水泵房_5#加压泵__温度_通道6_反馈,2025-02-28 02:41:14,0,192,20.1
_二期_供水泵房_5#加压泵__温度_通道6_反馈,2025-02-28 02:41:15,0,192,20.1
_二期_供水泵房_5#加压泵__温度_通道6_反馈,2025-02-28 02:41:16,0,192,20.1
_二期_供水泵房_5#加压泵__温度_通道6_反馈,2025-02-28 02:41:17,0,192,20.1
_二期_供水泵房_5#加压泵__温度_通道6_反馈,2025-02-28 02:41:18,0,192,20.1
_二期_供水泵房_5#加压泵__温度_通道6_反馈,2025-02-28 02:41:19,0,192,20.1
_二期_供水泵房_5#加压泵__温度_通道6_反馈,2025-02-28 02:41:20,0,192,20.1
_二期_供水泵房_5#加压泵__温度_通道6_反馈,2025-02-28 02:41:21,0,192,20.1
_二期_供水泵房_5#加压泵__温度_通道6_反馈,2025-02-28 02:41:22,0,192,20.1
_二期_供水泵房_5#加压泵__温度_通道6_反馈,2025-02-28 02:41:23,0,192,20.1
_二期_供水泵房_5#加压泵__温度_通道6_反馈,2025-02-28 02:41:24,0,192,20.1
_二期_供水泵房_5#加压泵__温度_通道6_反馈,2025-02-28 02:41:25,0,192,20.1
_二期_供水泵房_5#加压泵__温度_通道6_反馈,2025-02-28 02:41:26,0,192,20.1
_二期_供水泵房_5#加压泵__温度_通道6_反馈,2025-02-28 02:41:27,0,192,20.1
_二期_供水泵房_5#加压泵__温度_通道6_反馈,2025-02-28 02:41:28,0,192,20.1
_二期_供水泵房_5#加压泵__温度_通道6_反馈,2025-02-28 02:41:29,0,192,20.1
_二期_供水泵房_5#加压泵__温度_通道6_反馈,2025-02-28 02:41:30,0,192,20.1
_二期_供水泵房_5#加压泵__温度_通道6_反馈,2025-02-28 02:41:31,0,192,20.1
_二期_供水泵房_5#加压泵__温度_通道6_反馈,2025-02-28 02:41:32,0,192,20.1
_二期_供水泵房_5#加压泵__温度_通道6_反馈,2025-02-28 02:41:33,0,192,20.1
_二期_供水泵房_5#加压泵__温度_通道6_反馈,2025-02-28 02:41:34,0,192,20.1
_二期_供水泵房_5#加压泵__温度_通道6_反馈,2025-02-28 02:41:35,0,192,20.1
_二期_供水泵房_5#加压泵__温度_通道6_反馈,2025-02-28 02:41:36,0,192,20.1
_二期_供水泵房_5#加压泵__温度_通道6_反馈,2025-02-28 02:41:37,0,192,20.1
_二期_供水泵房_5#加压泵__温度_通道6_反馈,2025-02-28 02:41:38,0,192,20.1
_二期_供水泵房_5#加压泵__温度_通道6_反馈,2025-02-28 02:41:39,0,192,20.1
_二期_供水泵房_5#加压泵__温度_通道6_反馈,2025-02-28 02:41:40,0,192,20.1
_二期_供水泵房_5#加压泵__温度_通道6_反馈,2025-02-28 02:41:41,0,192,20.1
_二期_供水泵房_5#加压泵__温度_通道6_反馈,2025-02-28 02:41:42,0,192,20.1
_二期_供水泵房_5#加压泵__温度_通道6_反馈,2025-02-28 02:41:43,0,192,20.1
_二期_供水泵房_5#加压泵__温度_通道6_反馈,2025-02-28 02:41:44,0,192,20.1
_二期_供水泵房_5#加压泵__温度_通道6_反馈,2025-02-28 02:41:45,0,192,20.1
_二期_供水泵房_5#加压泵__温度_通道6_反馈,2025-02-28 02:41:46,0,192,20.1
_二期_供水泵房_5#加压泵__温度_通道6_反馈,2025-02-28 02:41:47,0,192,20.1
_二期_供水泵房_5#加压泵__温度_通道6_反馈,2025-02-28 02:41:48,0,192,20.1
_二期_供水泵房_5#加压泵__温度_通道6_反馈,2025-02-28 02:41:49,0,192,20.1
_二期_供水泵房_5#加压泵__温度_通道6_反馈,2025-02-28 02:41:50,0,192,20.1
_二期_供水泵房_5#加压泵__温度_通道6_反馈,2025-02-28 02:41:51,0,192,20.1
_二期_供水泵房_5#加压泵__温度_通道6_反馈,2025-02-28 02:41:52,0,192,20.1
_二期_供水泵房_5#加压泵__温度_通道6_反馈,2025-02-28 02:41:53,0,192,20.1
_二期_供水泵房_5#加压泵__温度_通道6_反馈,2025-02-28 02:41:54,0,192,20.1
_二期_供水泵房_5#加压泵__温度_通道6_反馈,2025-02-28 02:41:55,0,192,20.1
_二期_供水泵房_5#加压泵__温度_通道6_反馈,2025-02-28 02:41:56,0,192,20.1
_二期_供水泵房_5#加压泵__温度_通道6_反馈,2025-02-28 02:41:57,0,192,20.1
_二期_供水泵房_5#加压泵__温度_通道6_反馈,2025-02-28 02:41:58,0,192,20.1
_二期_供水泵房_5#加压泵__温度_通道6_反馈,2025-02-28 02:41:59,0,192,20.1
_二期_供水泵房_5#加压泵__温度_通道6_反馈,2025-02-28 02:42:00,0,192,20.1
_二期_供水泵房_5#加压泵__温度_通道6_反馈,2025-02-28 02:42:01,0,192,20.1
_二期_供水泵房_5#加压泵__温度_通道6_反馈,2025-02-28 02:42:02,0,192,20.1
_二期_供水泵房_5#加压泵__温度_通道6_反馈,2025-02-28 02:42:03,0,192,20.1
_二期_供水泵房_5#加压泵__温度_通道6_反馈,2025-02-28 02:42:04,0,192,20.1
_二期_供水泵房_5#加压泵__温度_通道6_反馈,2025-02-28 02:42:05,0,192,20.1
_二期_供水泵房_5#加压泵__温度_通道6_反馈,2025-02-28 02:42:06,0,192,20.1
_二期_供水泵房_5#加压泵__温度_通道6_反馈,2025-02-28 02:42:07,0,192,20.1
_二期_供水泵房_5#加压泵__温度_通道6_反馈,2025-02-28 02:42:08,0,192,20.1
_二期_供水泵房_5#加压泵__温度_通道6_反馈,2025-02-28 02:42:09,0,192,20.1
_二期_供水泵房_5#加压泵__温度_通道6_反馈,2025-02-28 02:42:10,0,192,20.1
_二期_供水泵房_5#加压泵__温度_通道6_反馈,2025-02-28 02:42:11,0,192,20.1
_二期_供水泵房_5#加压泵__温度_通道6_反馈,2025-02-28 02:42:12,0,192,20.1
_二期_供水泵房_5#加压泵__温度_通道6_反馈,2025-02-28 02:42:13,0,192,20.1
_二期_供水泵房_5#加压泵__温度_通道6_反馈,2025-02-28 02:42:14,0,192,20.1
_二期_供水泵房_5#加压泵__温度_通道6_反馈,2025-02-28 02:42:15,0,192,20.1
_二期_供水泵房_5#加压泵__温度_通道6_反馈,2025-02-28 02:42:16,0,192,20.1
_二期_供水泵房_5#加压泵__温度_通道6_反馈,2025-02-28 02:42:17,0,192,20.1
_二期_供水泵房_5#加压泵__温度_通道6_反馈,2025-02-28 02:42:18,0,192,20.1
_二期_供水泵房_5#加压泵__温度_通道6_反馈,2025-02-28 02:42:19,0,192,20.1
_二期_供水泵房_5#加压泵__温度_通道6_反馈,2025-02-28 02:42:20,0,192,20.1
_二期_供水泵房_5#加压泵__温度_通道6_反馈,2025-02-28 02:42:21,0,192,20.1
_二期_供水泵房_5#加压泵__温度_通道6_反馈,2025-02-28 02:42:22,0,192,20.1
_二期_供水泵房_5#加压泵__温度_通道6_反馈,2025-02-28 02:42:23,0,192,20.1
_二期_供水泵房_5#加压泵__温度_通道6_反馈,2025-02-28 02:42:24,0,192,20.1
_二期_供水泵房_5#加压泵__温度_通道6_反馈,2025-02-28 02:42:25,0,192,20.1
_二期_供水泵房_5#加压泵__温度_通道6_反馈,2025-02-28 02:42:26,0,192,20.1
_二期_供水泵房_5#加压泵__温度_通道6_反馈,2025-02-28 02:42:27,0,192,20.1
_二期_供水泵房_5#加压泵__温度_通道6_反馈,2025-02-28 02:42:28,0,192,20.1
_二期_供水泵房_5#加压泵__温度_通道6_反馈,2025-02-28 02:42:29,0,192,20.1
_二期_供水泵房_5#加压泵__温度_通道6_反馈,2025-02-28 02:42:30,0,192,20.1
_二期_供水泵房_5#加压泵__温度_通道6_反馈,2025-02-28 02:42:31,0,192,20.1
_二期_供水泵房_5#加压泵__温度_通道6_反馈,2025-02-28 02:42:32,0,192,20.1
_二期_供水泵房_5#加压泵__温度_通道6_反馈,2025-02-28 02:42:33,0,192,20.1
_二期_供水泵房_5#加压泵__温度_通道6_反馈,2025-02-28 02:42:34,0,192,20.1
_二期_供水泵房_5#加压泵__温度_通道6_反馈,2025-02-28 02:42:35,0,192,20.1
_二期_供水泵房_5#加压泵__温度_通道6_反馈,2025-02-28 02:42:36,0,192,20.1
_二期_供水泵房_5#加压泵__温度_通道6_反馈,2025-02-28 02:42:37,0,192,20.1
_二期_供水泵房_5#加压泵__温度_通道6_反馈,2025-02-28 02:42:38,0,192,20.1
_二期_供水泵房_5#加压泵__温度_通道6_反馈,2025-02-28 02:42:39,0,192,20.1
_二期_供水泵房_5#加压泵__温度_通道6_反馈,2025-02-28 02:42:40,0,192,20.1
_二期_供水泵房_5#加压泵__温度_通道6_反馈,2025-02-28 02:42:41,0,192,20.1
_二期_供水泵房_5#加压泵__温度_通道6_反馈,2025-02-28 02:42:42,0,192,20.1
_二期_供水泵房_5#加压泵__温度_通道6_反馈,2025-02-28 02:42:43,0,192,20.1
_二期_供水泵房_5#加压泵__温度_通道6_反馈,2025-02-28 02:42:44,0,192,20.1
_二期_供水泵房_5#加压泵__温度_通道6_反馈,2025-02-28 02:42:45,0,192,20.1
_二期_供水泵房_5#加压泵__温度_通道6_反馈,2025-02-28 02:42:46,0,192,20.1
_二期_供水泵房_5#加压泵__温度_通道6_反馈,2025-02-28 02:42:47,0,192,20.1
_二期_供水泵房_5#加压泵__温度_通道6_反馈,2025-02-28 02:42:48,0,192,20.1
_二期_供水泵房_5#加压泵__温度_通道6_反馈,2025-02-28 02:42:49,0,192,20.1
_二期_供水泵房_5#加压泵__温度_通道6_反馈,2025-02-28 02:42:50,0,192,20.1
_二期_供水泵房_5#加压泵__温度_通道6_反馈,2025-02-28 02:42:51,0,192,20.1
_二期_供水泵房_5#加压泵__温度_通道6_反馈,2025-02-28 02:42:52,0,192,20.1
_二期_供水泵房_5#加压泵__温度_通道6_反馈,2025-02-28 02:42:53,0,192,20.1
_二期_供水泵房_5#加压泵__温度_通道6_反馈,2025-02-28 02:42:54,0,192,20.1
_二期_供水泵房_5#加压泵__温度_通道6_反馈,2025-02-28 02:42:55,0,192,20.1
_二期_供水泵房_5#加压泵__温度_通道6_反馈,2025-02-28 02:42:56,0,192,20.1
_二期_供水泵房_5#加压泵__温度_通道6_反馈,2025-02-28 02:42:57,0,192,20.1
_二期_供水泵房_5#加压泵__温度_通道6_反馈,2025-02-28 02:42:58,0,192,20.1
_二期_供水泵房_5#加压泵__温度_通道6_反馈,2025-02-28 02:42:59,0,192,20.1
_二期_供水泵房_5#加压泵__温度_通道6_反馈,2025-02-28 02:43:00,0,192,20.1
_二期_供水泵房_5#加压泵__温度_通道6_反馈,2025-02-28 02:43:01,0,192,20.1
_二期_供水泵房_5#加压泵__温度_通道6_反馈,2025-02-28 02:43:02,0,192,20.1
_二期_供水泵房_5#加压泵__温度_通道6_反馈,2025-02-28 02:43:03,0,192,20.1
_二期_供水泵房_5#加压泵__温度_通道6_反馈,2025-02-28 02:43:04,0,192,20.1
_二期_供水泵房_5#加压泵__温度_通道6_反馈,2025-02-28 02:43:05,0,192,20.1
_二期_供水泵房_5#加压泵__温度_通道6_反馈,2025-02-28 02:43:06,0,192,20.1
_二期_供水泵房_5#加压泵__温度_通道6_反馈,2025-02-28 02:43:07,0,192,20.1
_二期_供水泵房_5#加压泵__温度_通道6_反馈,2025-02-28 02:43:08,0,192,20.1
_二期_供水泵房_5#加压泵__温度_通道6_反馈,2025-02-28 02:43:09,0,192,20.1
_二期_供水泵房_5#加压泵__温度_通道6_反馈,2025-02-28 02:43:10,0,192,20.1
_二期_供水泵房_5#加压泵__温度_通道6_反馈,2025-02-28 02:43:11,0,192,20.1
_二期_供水泵房_5#加压泵__温度_通道6_反馈,2025-02-28 02:43:12,0,192,20.1
_二期_供水泵房_5#加压泵__温度_通道6_反馈,2025-02-28 02:43:13,0,192,20.1
_二期_供水泵房_5#加压泵__温度_通道6_反馈,2025-02-28 02:43:14,0,192,20.1
_二期_供水泵房_5#加压泵__温度_通道6_反馈,2025-02-28 02:43:15,0,192,20.1
_二期_供水泵房_5#加压泵__温度_通道6_反馈,2025-02-28 02:43:16,0,192,20.1
_二期_供水泵房_5#加压泵__温度_通道6_反馈,2025-02-28 02:43:17,0,192,20.1
_二期_供水泵房_5#加压泵__温度_通道6_反馈,2025-02-28 02:43:18,0,192,20.1
_二期_供水泵房_5#加压泵__温度_通道6_反馈,2025-02-28 02:43:19,0,192,20.1
_二期_供水泵房_5#加压泵__温度_通道6_反馈,2025-02-28 02:43:20,0,192,20.1
_二期_供水泵房_5#加压泵__温度_通道6_反馈,2025-02-28 02:43:21,0,192,20.1
_二期_供水泵房_5#加压泵__温度_通道6_反馈,2025-02-28 02:43:22,0,192,20.1
_二期_供水泵房_5#加压泵__温度_通道6_反馈,2025-02-28 02:43:23,0,192,20.1
_二期_供水泵房_5#加压泵__温度_通道6_反馈,2025-02-28 02:43:24,0,192,20.1
_二期_供水泵房_5#加压泵__温度_通道6_反馈,2025-02-28 02:43:25,0,192,20.1
_二期_供水泵房_5#加压泵__温度_通道6_反馈,2025-02-28 02:43:26,0,192,20.1
_二期_供水泵房_5#加压泵__温度_通道6_反馈,2025-02-28 02:43:27,0,192,20.1
_二期_供水泵房_5#加压泵__温度_通道6_反馈,2025-02-28 02:43:28,0,192,20.1
_二期_供水泵房_5#加压泵__温度_通道6_反馈,2025-02-28 02:43:29,0,192,20.1
_二期_供水泵房_5#加压泵__温度_通道6_反馈,2025-02-28 02:43:30,0,192,20.1
_二期_供水泵房_5#加压泵__温度_通道6_反馈,2025-02-28 02:43:31,0,192,20.1
_二期_供水泵房_5#加压泵__温度_通道6_反馈,2025-02-28 02:43:32,0,192,20.1
_二期_供水泵房_5#加压泵__温度_通道6_反馈,2025-02-28 02:43:33,0,192,20.1
_二期_供水泵房_5#加压泵__温度_通道6_反馈,2025-02-28 02:43:34,0,192,20.1
_二期_供水泵房_5#加压泵__温度_通道6_反馈,2025-02-28 02:43:35,0,192,20.1
_二期_供水泵房_5#加压泵__温度_通道6_反馈,2025-02-28 02:43:36,0,192,20.1
_二期_供水泵房_5#加压泵__温度_通道6_反馈,2025-02-28 02:43:37,0,192,20.1
_二期_供水泵房_5#加压泵__温度_通道6_反馈,2025-02-28 02:43:38,0,192,20.1
_二期_供水泵房_5#加压泵__温度_通道6_反馈,2025-02-28 02:43:39,0,192,20.1
_二期_供水泵房_5#加压泵__温度_通道6_反馈,2025-02-28 02:43:40,0,192,20.1
_二期_供水泵房_5#加压泵__温度_通道6_反馈,2025-02-28 02:43:41,0,192,20.1
_二期_供水泵房_5#加压泵__温度_通道6_反馈,2025-02-28 02:43:42,0,192,20.1
_二期_供水泵房_5#加压泵__温度_通道6_反馈,2025-02-28 02:43:43,0,192,20.1
_二期_供水泵房_5#加压泵__温度_通道6_反馈,2025-02-28 02:43:44,0,192,20.1
_二期_供水泵房_5#加压泵__温度_通道6_反馈,2025-02-28 02:43:45,0,192,20.1
_二期_供水泵房_5#加压泵__温度_通道6_反馈,2025-02-28 02:43:46,0,192,20.1
_二期_供水泵房_5#加压泵__温度_通道6_反馈,2025-02-28 02:43:47,0,192,20.1
_二期_供水泵房_5#加压泵__温度_通道6_反馈,2025-02-28 02:43:48,0,192,20.1
_二期_供水泵房_5#加压泵__温度_通道6_反馈,2025-02-28 02:43:49,0,192,20.1
_二期_供水泵房_5#加压泵__温度_通道6_反馈,2025-02-28 02:43:50,0,192,20.1
_二期_供水泵房_5#加压泵__温度_通道6_反馈,2025-02-28 02:43:51,0,192,20.1
_二期_供水泵房_5#加压泵__温度_通道6_反馈,2025-02-28 02:43:52,0,192,20.1
_二期_供水泵房_5#加压泵__温度_通道6_反馈,2025-02-28 02:43:53,0,192,20.1
_二期_供水泵房_5#加压泵__温度_通道6_反馈,2025-02-28 02:43:54,0,192,20.1
_二期_供水泵房_5#加压泵__温度_通道6_反馈,2025-02-28 02:43:55,0,192,20.1
_二期_供水泵房_5#加压泵__温度_通道6_反馈,2025-02-28 02:43:56,0,192,20.1
_二期_供水泵房_5#加压泵__温度_通道6_反馈,2025-02-28 02:43:57,0,192,20.1
_二期_供水泵房_5#加压泵__温度_通道6_反馈,2025-02-28 02:43:58,0,192,20.1
_二期_供水泵房_5#加压泵__温度_通道6_反馈,2025-02-28 02:43:59,0,192,20.1
_二期_供水泵房_5#加压泵__温度_通道6_反馈,2025-02-28 02:44:00,0,192,20.1
_二期_供水泵房_5#加压泵__温度_通道6_反馈,2025-02-28 02:44:01,0,192,20.1
_二期_供水泵房_5#加压泵__温度_通道6_反馈,2025-02-28 02:44:02,0,192,20.1
_二期_供水泵房_5#加压泵__温度_通道6_反馈,2025-02-28 02:44:03,0,192,20.1
_二期_供水泵房_5#加压泵__温度_通道6_反馈,2025-02-28 02:44:04,0,192,20.1
_二期_供水泵房_5#加压泵__温度_通道6_反馈,2025-02-28 02:44:05,0,192,20.1
_二期_供水泵房_5#加压泵__温度_通道6_反馈,2025-02-28 02:44:06,0,192,20.1
_二期_供水泵房_5#加压泵__温度_通道6_反馈,2025-02-28 02:44:07,0,192,20.1
_二期_供水泵房_5#加压泵__温度_通道6_反馈,2025-02-28 02:44:08,0,192,20.1
_二期_供水泵房_5#加压泵__温度_通道6_反馈,2025-02-28 02:44:09,0,192,20.1
_二期_供水泵房_5#加压泵__温度_通道6_反馈,2025-02-28 02:44:10,0,192,20.1
_二期_供水泵房_5#加压泵__温度_通道6_反馈,2025-02-28 02:44:11,0,192,20.1
_二期_供水泵房_5#加压泵__温度_通道6_反馈,2025-02-28 02:44:12,0,192,20.1
_二期_供水泵房_5#加压泵__温度_通道6_反馈,2025-02-28 02:44:13,0,192,20.1
_二期_供水泵房_5#加压泵__温度_通道6_反馈,2025-02-28 02:44:14,0,192,20.1
_二期_供水泵房_5#加压泵__温度_通道6_反馈,2025-02-28 02:44:15,0,192,20.1
_二期_供水泵房_5#加压泵__温度_通道6_反馈,2025-02-28 02:44:16,0,192,20.1
_二期_供水泵房_5#加压泵__温度_通道6_反馈,2025-02-28 02:44:17,0,192,20.1
_二期_供水泵房_5#加压泵__温度_通道6_反馈,2025-02-28 02:44:18,0,192,20.1
_二期_供水泵房_5#加压泵__温度_通道6_反馈,2025-02-28 02:44:19,0,192,20.1
_二期_供水泵房_5#加压泵__温度_通道6_反馈,2025-02-28 02:44:20,0,192,20.1
_二期_供水泵房_5#加压泵__温度_通道6_反馈,2025-02-28 02:44:21,0,192,20.1
_二期_供水泵房_5#加压泵__温度_通道6_反馈,2025-02-28 02:44:22,0,192,20.1
_二期_供水泵房_5#加压泵__温度_通道6_反馈,2025-02-28 02:44:23,0,192,20.1
_二期_供水泵房_5#加压泵__温度_通道6_反馈,2025-02-28 02:44:24,0,192,20.1
_二期_供水泵房_5#加压泵__温度_通道6_反馈,2025-02-28 02:44:25,0,192,20.1
_二期_供水泵房_5#加压泵__温度_通道6_反馈,2025-02-28 02:44:26,0,192,20.1
_二期_供水泵房_5#加压泵__温度_通道6_反馈,2025-02-28 02:44:27,0,192,20.1
_二期_供水泵房_5#加压泵__温度_通道6_反馈,2025-02-28 02:44:28,0,192,20.1
_二期_供水泵房_5#加压泵__温度_通道6_反馈,2025-02-28 02:44:29,0,192,20.1
_二期_供水泵房_5#加压泵__温度_通道6_反馈,2025-02-28 02:44:30,0,192,20.1
_二期_供水泵房_5#加压泵__温度_通道6_反馈,2025-02-28 02:44:31,0,192,20.1
_二期_供水泵房_5#加压泵__温度_通道6_反馈,2025-02-28 02:44:32,0,192,20.1
_二期_供水泵房_5#加压泵__温度_通道6_反馈,2025-02-28 02:44:33,0,192,20.1
_二期_供水泵房_5#加压泵__温度_通道6_反馈,2025-02-28 02:44:34,0,192,20.1
_二期_供水泵房_5#加压泵__温度_通道6_反馈,2025-02-28 02:44:35,0,192,20.1
_二期_供水泵房_5#加压泵__温度_通道6_反馈,2025-02-28 02:44:36,0,192,20.1
_二期_供水泵房_5#加压泵__温度_通道6_反馈,2025-02-28 02:44:37,0,192,20.1
_二期_供水泵房_5#加压泵__温度_通道6_反馈,2025-02-28 02:44:38,0,192,20.1
_二期_供水泵房_5#加压泵__温度_通道6_反馈,2025-02-28 02:44:39,0,192,20.1
_二期_供水泵房_5#加压泵__温度_通道6_反馈,2025-02-28 02:44:40,0,192,20.1
_二期_供水泵房_5#加压泵__温度_通道6_反馈,2025-02-28 02:44:41,0,192,20.1
_二期_供水泵房_5#加压泵__温度_通道6_反馈,2025-02-28 02:44:42,0,192,20.1
_二期_供水泵房_5#加压泵__温度_通道6_反馈,2025-02-28 02:44:43,0,192,20.1
_二期_供水泵房_5#加压泵__温度_通道6_反馈,2025-02-28 02:44:44,0,192,20.1
_二期_供水泵房_5#加压泵__温度_通道6_反馈,2025-02-28 02:44:45,0,192,20.1
_二期_供水泵房_5#加压泵__温度_通道6_反馈,2025-02-28 02:44:46,0,192,20.1
_二期_供水泵房_5#加压泵__温度_通道6_反馈,2025-02-28 02:44:47,0,192,20.1
_二期_供水泵房_5#加压泵__温度_通道6_反馈,2025-02-28 02:44:48,0,192,20.1
_二期_供水泵房_5#加压泵__温度_通道6_反馈,2025-02-28 02:44:49,0,192,20.1
_二期_供水泵房_5#加压泵__温度_通道6_反馈,2025-02-28 02:44:50,0,192,20.1
_二期_供水泵房_5#加压泵__温度_通道6_反馈,2025-02-28 02:44:51,0,192,20.1
_二期_供水泵房_5#加压泵__温度_通道6_反馈,2025-02-28 02:44:52,0,192,20.1
_二期_供水泵房_5#加压泵__温度_通道6_反馈,2025-02-28 02:44:53,0,192,20.1
_二期_供水泵房_5#加压泵__温度_通道6_反馈,2025-02-28 02:44:54,0,192,20.1
_二期_供水泵房_5#加压泵__温度_通道6_反馈,2025-02-28 02:44:55,0,192,20.1
_二期_供水泵房_5#加压泵__温度_通道6_反馈,2025-02-28 02:44:56,0,192,20.1
_二期_供水泵房_5#加压泵__温度_通道6_反馈,2025-02-28 02:44:57,0,192,20.1
_二期_供水泵房_5#加压泵__温度_通道6_反馈,2025-02-28 02:44:58,0,192,20.1
_二期_供水泵房_5#加压泵__温度_通道6_反馈,2025-02-28 02:44:59,0,192,20.1
_二期_供水泵房_5#加压泵__温度_通道6_反馈,2025-02-28 02:45:00,0,192,20.1
_二期_供水泵房_5#加压泵__温度_通道6_反馈,2025-02-28 02:45:01,0,192,20.1
_二期_供水泵房_5#加压泵__温度_通道6_反馈,2025-02-28 02:45:02,0,192,20.1
_二期_供水泵房_5#加压泵__温度_通道6_反馈,2025-02-28 02:45:03,0,192,20.1
_二期_供水泵房_5#加压泵__温度_通道6_反馈,2025-02-28 02:45:04,0,192,20.1
_二期_供水泵房_5#加压泵__温度_通道6_反馈,2025-02-28 02:45:05,0,192,20.1
_二期_供水泵房_5#加压泵__温度_通道6_反馈,2025-02-28 02:45:06,0,192,20.1
_二期_供水泵房_5#加压泵__温度_通道6_反馈,2025-02-28 02:45:07,0,192,20.1
_二期_供水泵房_5#加压泵__温度_通道6_反馈,2025-02-28 02:45:08,0,192,20.1
_二期_供水泵房_5#加压泵__温度_通道6_反馈,2025-02-28 02:45:09,0,192,20.1
_二期_供水泵房_5#加压泵__温度_通道6_反馈,2025-02-28 02:45:10,0,192,20.1
_二期_供水泵房_5#加压泵__温度_通道6_反馈,2025-02-28 02:45:11,0,192,20.1
_二期_供水泵房_5#加压泵__温度_通道6_反馈,2025-02-28 02:45:12,0,192,20.1
_二期_供水泵房_5#加压泵__温度_通道6_反馈,2025-02-28 02:45:13,0,192,20.1
_二期_供水泵房_5#加压泵__温度_通道6_反馈,2025-02-28 02:45:14,0,192,20.1
_二期_供水泵房_5#加压泵__温度_通道6_反馈,2025-02-28 02:45:15,0,192,20.1
_二期_供水泵房_5#加压泵__温度_通道6_反馈,2025-02-28 02:45:16,0,192,20.1
_二期_供水泵房_5#加压泵__温度_通道6_反馈,2025-02-28 02:45:17,0,192,20.1
_二期_供水泵房_5#加压泵__温度_通道6_反馈,2025-02-28 02:45:18,0,192,20.1
_二期_供水泵房_5#加压泵__温度_通道6_反馈,2025-02-28 02:45:19,0,192,20.1
_二期_供水泵房_5#加压泵__温度_通道6_反馈,2025-02-28 02:45:20,0,192,20.1
_二期_供水泵房_5#加压泵__温度_通道6_反馈,2025-02-28 02:45:21,0,192,20.1
_二期_供水泵房_5#加压泵__温度_通道6_反馈,2025-02-28 02:45:22,0,192,20.1
_二期_供水泵房_5#加压泵__温度_通道6_反馈,2025-02-28 02:45:23,0,192,20.1
_二期_供水泵房_5#加压泵__温度_通道6_反馈,2025-02-28 02:45:24,0,192,20.1
_二期_供水泵房_5#加压泵__温度_通道6_反馈,2025-02-28 02:45:25,0,192,20.1
_二期_供水泵房_5#加压泵__温度_通道6_反馈,2025-02-28 02:45:26,0,192,20.1
_二期_供水泵房_5#加压泵__温度_通道6_反馈,2025-02-28 02:45:27,0,192,20.1
_二期_供水泵房_5#加压泵__温度_通道6_反馈,2025-02-28 02:45:28,0,192,20.1
_二期_供水泵房_5#加压泵__温度_通道6_反馈,2025-02-28 02:45:29,0,192,20.1
_二期_供水泵房_5#加压泵__温度_通道6_反馈,2025-02-28 02:45:30,0,192,20.1
_二期_供水泵房_5#加压泵__温度_通道6_反馈,2025-02-28 02:45:31,0,192,20.1
_二期_供水泵房_5#加压泵__温度_通道6_反馈,2025-02-28 02:45:32,0,192,20.1
_二期_供水泵房_5#加压泵__温度_通道6_反馈,2025-02-28 02:45:33,0,192,20.1
_二期_供水泵房_5#加压泵__温度_通道6_反馈,2025-02-28 02:45:34,0,192,20.1
_二期_供水泵房_5#加压泵__温度_通道6_反馈,2025-02-28 02:45:35,0,192,20.1
_二期_供水泵房_5#加压泵__温度_通道6_反馈,2025-02-28 02:45:36,0,192,20.1
_二期_供水泵房_5#加压泵__温度_通道6_反馈,2025-02-28 02:45:37,0,192,20.1
_二期_供水泵房_5#加压泵__温度_通道6_反馈,2025-02-28 02:45:38,0,192,20.1
_二期_供水泵房_5#加压泵__温度_通道6_反馈,2025-02-28 02:45:39,0,192,20.1
_二期_供水泵房_5#加压泵__温度_通道6_反馈,2025-02-28 02:45:40,0,192,20.1
_二期_供水泵房_5#加压泵__温度_通道6_反馈,2025-02-28 02:45:41,0,192,20.1
_二期_供水泵房_5#加压泵__温度_通道6_反馈,2025-02-28 02:45:42,0,192,20.1
_二期_供水泵房_5#加压泵__温度_通道6_反馈,2025-02-28 02:45:43,0,192,20.1
_二期_供水泵房_5#加压泵__温度_通道6_反馈,2025-02-28 02:45:44,0,192,20.1
_二期_供水泵房_5#加压泵__温度_通道6_反馈,2025-02-28 02:45:45,0,192,20.1
_二期_供水泵房_5#加压泵__温度_通道6_反馈,2025-02-28 02:45:46,0,192,20.1
_二期_供水泵房_5#加压泵__温度_通道6_反馈,2025-02-28 02:45:47,0,192,20.1
_二期_供水泵房_5#加压泵__温度_通道6_反馈,2025-02-28 02:45:48,0,192,20.1
_二期_供水泵房_5#加压泵__温度_通道6_反馈,2025-02-28 02:45:49,0,192,20.1
_二期_供水泵房_5#加压泵__温度_通道6_反馈,2025-02-28 02:45:50,0,192,20.1
_二期_供水泵房_5#加压泵__温度_通道6_反馈,2025-02-28 02:45:51,0,192,20.1
_二期_供水泵房_5#加压泵__温度_通道6_反馈,2025-02-28 02:45:52,0,192,20.1
_二期_供水泵房_5#加压泵__温度_通道6_反馈,2025-02-28 02:45:53,0,192,20.1
_二期_供水泵房_5#加压泵__温度_通道6_反馈,2025-02-28 02:45:54,0,192,20.1
_二期_供水泵房_5#加压泵__温度_通道6_反馈,2025-02-28 02:45:55,0,192,20.1
_二期_供水泵房_5#加压泵__温度_通道6_反馈,2025-02-28 02:45:56,0,192,20.1
_二期_供水泵房_5#加压泵__温度_通道6_反馈,2025-02-28 02:45:57,0,192,20.1
_二期_供水泵房_5#加压泵__温度_通道6_反馈,2025-02-28 02:45:58,0,192,20.1
_二期_供水泵房_5#加压泵__温度_通道6_反馈,2025-02-28 02:45:59,0,192,20.1
_二期_供水泵房_5#加压泵__温度_通道6_反馈,2025-02-28 02:46:00,0,192,20.1
_二期_供水泵房_5#加压泵__温度_通道6_反馈,2025-02-28 02:46:01,0,192,20.1
_二期_供水泵房_5#加压泵__温度_通道6_反馈,2025-02-28 02:46:02,0,192,20.1
_二期_供水泵房_5#加压泵__温度_通道6_反馈,2025-02-28 02:46:03,0,192,20.1
_二期_供水泵房_5#加压泵__温度_通道6_反馈,2025-02-28 02:46:04,0,192,20.1
_二期_供水泵房_5#加压泵__温度_通道6_反馈,2025-02-28 02:46:05,0,192,20.1
_二期_供水泵房_5#加压泵__温度_通道6_反馈,2025-02-28 02:46:06,0,192,20.1
_二期_供水泵房_5#加压泵__温度_通道6_反馈,2025-02-28 02:46:07,0,192,20.1
_二期_供水泵房_5#加压泵__温度_通道6_反馈,2025-02-28 02:46:08,0,192,20.1
_二期_供水泵房_5#加压泵__温度_通道6_反馈,2025-02-28 02:46:09,0,192,20.1
_二期_供水泵房_5#加压泵__温度_通道6_反馈,2025-02-28 02:46:10,0,192,20.1
_二期_供水泵房_5#加压泵__温度_通道6_反馈,2025-02-28 02:46:11,0,192,20.1
_二期_供水泵房_5#加压泵__温度_通道6_反馈,2025-02-28 02:46:12,0,192,20.1
_二期_供水泵房_5#加压泵__温度_通道6_反馈,2025-02-28 02:46:13,0,192,20.1
_二期_供水泵房_5#加压泵__温度_通道6_反馈,2025-02-28 02:46:14,0,192,20.1
_二期_供水泵房_5#加压泵__温度_通道6_反馈,2025-02-28 02:46:15,0,192,20.1
_二期_供水泵房_5#加压泵__温度_通道6_反馈,2025-02-28 02:46:16,0,192,20.1
_二期_供水泵房_5#加压泵__温度_通道6_反馈,2025-02-28 02:46:17,0,192,20.1
_二期_供水泵房_5#加压泵__温度_通道6_反馈,2025-02-28 02:46:18,0,192,20.1
_二期_供水泵房_5#加压泵__温度_通道6_反馈,2025-02-28 02:46:19,0,192,20.1
_二期_供水泵房_5#加压泵__温度_通道6_反馈,2025-02-28 02:46:20,0,192,20.1
_二期_供水泵房_5#加压泵__温度_通道6_反馈,2025-02-28 02:46:21,0,192,20.1
_二期_供水泵房_5#加压泵__温度_通道6_反馈,2025-02-28 02:46:22,0,192,20.1
_二期_供水泵房_5#加压泵__温度_通道6_反馈,2025-02-28 02:46:23,0,192,20.1
_二期_供水泵房_5#加压泵__温度_通道6_反馈,2025-02-28 02:46:24,0,192,20.1
_二期_供水泵房_5#加压泵__温度_通道6_反馈,2025-02-28 02:46:25,0,192,20.1
_二期_供水泵房_5#加压泵__温度_通道6_反馈,2025-02-28 02:46:26,0,192,20.1
_二期_供水泵房_5#加压泵__温度_通道6_反馈,2025-02-28 02:46:27,0,192,20.1
_二期_供水泵房_5#加压泵__温度_通道6_反馈,2025-02-28 02:46:28,0,192,20.1
_二期_供水泵房_5#加压泵__温度_通道6_反馈,2025-02-28 02:46:29,0,192,20.1
_二期_供水泵房_5#加压泵__温度_通道6_反馈,2025-02-28 02:46:30,0,192,20.1
_二期_供水泵房_5#加压泵__温度_通道6_反馈,2025-02-28 02:46:31,0,192,20.1
_二期_供水泵房_5#加压泵__温度_通道6_反馈,2025-02-28 02:46:32,0,192,20.1
_二期_供水泵房_5#加压泵__温度_通道6_反馈,2025-02-28 02:46:33,0,192,20.1
_二期_供水泵房_5#加压泵__温度_通道6_反馈,2025-02-28 02:46:34,0,192,20.1
_二期_供水泵房_5#加压泵__温度_通道6_反馈,2025-02-28 02:46:35,0,192,20.1
_二期_供水泵房_5#加压泵__温度_通道6_反馈,2025-02-28 02:46:36,0,192,20.1
_二期_供水泵房_5#加压泵__温度_通道6_反馈,2025-02-28 02:46:37,0,192,20.1
_二期_供水泵房_5#加压泵__温度_通道6_反馈,2025-02-28 02:46:38,0,192,20.1
_二期_供水泵房_5#加压泵__温度_通道6_反馈,2025-02-28 02:46:39,0,192,20.1
_二期_供水泵房_5#加压泵__温度_通道6_反馈,2025-02-28 02:46:40,0,192,20.1
_二期_供水泵房_5#加压泵__温度_通道6_反馈,2025-02-28 02:46:41,0,192,20.1
_二期_供水泵房_5#加压泵__温度_通道6_反馈,2025-02-28 02:46:42,0,192,20.1
_二期_供水泵房_5#加压泵__温度_通道6_反馈,2025-02-28 02:46:43,0,192,20.1
_二期_供水泵房_5#加压泵__温度_通道6_反馈,2025-02-28 02:46:44,0,192,20.1
_二期_供水泵房_5#加压泵__温度_通道6_反馈,2025-02-28 02:46:45,0,192,20.1
_二期_供水泵房_5#加压泵__温度_通道6_反馈,2025-02-28 02:46:46,0,192,20.1
_二期_供水泵房_5#加压泵__温度_通道6_反馈,2025-02-28 02:46:47,0,192,20.1
_二期_供水泵房_5#加压泵__温度_通道6_反馈,2025-02-28 02:46:48,0,192,20.1
_二期_供水泵房_5#加压泵__温度_通道6_反馈,2025-02-28 02:46:49,0,192,20.1
_二期_供水泵房_5#加压泵__温度_通道6_反馈,2025-02-28 02:46:50,0,192,20.1
_二期_供水泵房_5#加压泵__温度_通道6_反馈,2025-02-28 02:46:51,0,192,20.1
_二期_供水泵房_5#加压泵__温度_通道6_反馈,2025-02-28 02:46:52,0,192,20.1
_二期_供水泵房_5#加压泵__温度_通道6_反馈,2025-02-28 02:46:53,0,192,20.1
_二期_供水泵房_5#加压泵__温度_通道6_反馈,2025-02-28 02:46:54,0,192,20.1
_二期_供水泵房_5#加压泵__温度_通道6_反馈,2025-02-28 02:46:55,0,192,20.1
_二期_供水泵房_5#加压泵__温度_通道6_反馈,2025-02-28 02:46:56,0,192,20.1
_二期_供水泵房_5#加压泵__温度_通道6_反馈,2025-02-28 02:46:57,0,192,20.1
_二期_供水泵房_5#加压泵__温度_通道6_反馈,2025-02-28 02:46:58,0,192,20.1
_二期_供水泵房_5#加压泵__温度_通道6_反馈,2025-02-28 02:46:59,0,192,20.1
_二期_供水泵房_5#加压泵__温度_通道6_反馈,2025-02-28 02:47:00,0,192,20.1
_二期_供水泵房_5#加压泵__温度_通道6_反馈,2025-02-28 02:47:01,0,192,20.1
_二期_供水泵房_5#加压泵__温度_通道6_反馈,2025-02-28 02:47:02,0,192,20.1
_二期_供水泵房_5#加压泵__温度_通道6_反馈,2025-02-28 02:47:03,0,192,20.1
_二期_供水泵房_5#加压泵__温度_通道6_反馈,2025-02-28 02:47:04,0,192,20.1
_二期_供水泵房_5#加压泵__温度_通道6_反馈,2025-02-28 02:47:05,0,192,20.1
_二期_供水泵房_5#加压泵__温度_通道6_反馈,2025-02-28 02:47:06,0,192,20.1
_二期_供水泵房_5#加压泵__温度_通道6_反馈,2025-02-28 02:47:07,0,192,20.1
_二期_供水泵房_5#加压泵__温度_通道6_反馈,2025-02-28 02:47:08,0,192,20.1
_二期_供水泵房_5#加压泵__温度_通道6_反馈,2025-02-28 02:47:09,0,192,20.1
_二期_供水泵房_5#加压泵__温度_通道6_反馈,2025-02-28 02:47:10,0,192,20.1
_二期_供水泵房_5#加压泵__温度_通道6_反馈,2025-02-28 02:47:11,0,192,20.1
_二期_供水泵房_5#加压泵__温度_通道6_反馈,2025-02-28 02:47:12,0,192,20.1
_二期_供水泵房_5#加压泵__温度_通道6_反馈,2025-02-28 02:47:13,0,192,20.1
_二期_供水泵房_5#加压泵__温度_通道6_反馈,2025-02-28 02:47:14,0,192,20.1
_二期_供水泵房_5#加压泵__温度_通道6_反馈,2025-02-28 02:47:15,0,192,20.1
_二期_供水泵房_5#加压泵__温度_通道6_反馈,2025-02-28 02:47:16,0,192,20.1
_二期_供水泵房_5#加压泵__温度_通道6_反馈,2025-02-28 02:47:17,0,192,20.1
_二期_供水泵房_5#加压泵__温度_通道6_反馈,2025-02-28 02:47:18,0,192,20.1
_二期_供水泵房_5#加压泵__温度_通道6_反馈,2025-02-28 02:47:19,0,192,20.1
_二期_供水泵房_5#加压泵__温度_通道6_反馈,2025-02-28 02:47:20,0,192,20.1
_二期_供水泵房_5#加压泵__温度_通道6_反馈,2025-02-28 02:47:21,0,192,20.1
_二期_供水泵房_5#加压泵__温度_通道6_反馈,2025-02-28 02:47:22,0,192,20.1
_二期_供水泵房_5#加压泵__温度_通道6_反馈,2025-02-28 02:47:23,0,192,20.1
_二期_供水泵房_5#加压泵__温度_通道6_反馈,2025-02-28 02:47:24,0,192,20.1
_二期_供水泵房_5#加压泵__温度_通道6_反馈,2025-02-28 02:47:25,0,192,20.1
_二期_供水泵房_5#加压泵__温度_通道6_反馈,2025-02-28 02:47:26,0,192,20.1
_二期_供水泵房_5#加压泵__温度_通道6_反馈,2025-02-28 02:47:27,0,192,20.1
_二期_供水泵房_5#加压泵__温度_通道6_反馈,2025-02-28 02:47:28,0,192,20.1
_二期_供水泵房_5#加压泵__温度_通道6_反馈,2025-02-28 02:47:29,0,192,20.1
_二期_供水泵房_5#加压泵__温度_通道6_反馈,2025-02-28 02:47:30,0,192,20.1
_二期_供水泵房_5#加压泵__温度_通道6_反馈,2025-02-28 02:47:31,0,192,20.1
_二期_供水泵房_5#加压泵__温度_通道6_反馈,2025-02-28 02:47:32,0,192,20.1
_二期_供水泵房_5#加压泵__温度_通道6_反馈,2025-02-28 02:47:33,0,192,20.1
_二期_供水泵房_5#加压泵__温度_通道6_反馈,2025-02-28 02:47:34,0,192,20.1
_二期_供水泵房_5#加压泵__温度_通道6_反馈,2025-02-28 02:47:35,0,192,20.1
_二期_供水泵房_5#加压泵__温度_通道6_反馈,2025-02-28 02:47:36,0,192,20.1
_二期_供水泵房_5#加压泵__温度_通道6_反馈,2025-02-28 02:47:37,0,192,20.1
_二期_供水泵房_5#加压泵__温度_通道6_反馈,2025-02-28 02:47:38,0,192,20.1
_二期_供水泵房_5#加压泵__温度_通道6_反馈,2025-02-28 02:47:39,0,192,20.1
_二期_供水泵房_5#加压泵__温度_通道6_反馈,2025-02-28 02:47:40,0,192,20.1
_二期_供水泵房_5#加压泵__温度_通道6_反馈,2025-02-28 02:47:41,0,192,20.1
_二期_供水泵房_5#加压泵__温度_通道6_反馈,2025-02-28 02:47:42,0,192,20.1
_二期_供水泵房_5#加压泵__温度_通道6_反馈,2025-02-28 02:47:43,0,192,20.1
_二期_供水泵房_5#加压泵__温度_通道6_反馈,2025-02-28 02:47:44,0,192,20.1
_二期_供水泵房_5#加压泵__温度_通道6_反馈,2025-02-28 02:47:45,0,192,20.1
_二期_供水泵房_5#加压泵__温度_通道6_反馈,2025-02-28 02:47:46,0,192,20.1
_二期_供水泵房_5#加压泵__温度_通道6_反馈,2025-02-28 02:47:47,0,192,20.1
_二期_供水泵房_5#加压泵__温度_通道6_反馈,2025-02-28 02:47:48,0,192,20.1
_二期_供水泵房_5#加压泵__温度_通道6_反馈,2025-02-28 02:47:49,0,192,20.1
_二期_供水泵房_5#加压泵__温度_通道6_反馈,2025-02-28 02:47:50,0,192,20.1
_二期_供水泵房_5#加压泵__温度_通道6_反馈,2025-02-28 02:47:51,0,192,20.1
_二期_供水泵房_5#加压泵__温度_通道6_反馈,2025-02-28 02:47:52,0,192,20.1
_二期_供水泵房_5#加压泵__温度_通道6_反馈,2025-02-28 02:47:53,0,192,20.1
_二期_供水泵房_5#加压泵__温度_通道6_反馈,2025-02-28 02:47:54,0,192,20.1
_二期_供水泵房_5#加压泵__温度_通道6_反馈,2025-02-28 02:47:55,0,192,20.1
_二期_供水泵房_5#加压泵__温度_通道6_反馈,2025-02-28 02:47:56,0,192,20.1
_二期_供水泵房_5#加压泵__温度_通道6_反馈,2025-02-28 02:47:57,0,192,20.1
_二期_供水泵房_5#加压泵__温度_通道6_反馈,2025-02-28 02:47:58,0,192,20.1
_二期_供水泵房_5#加压泵__温度_通道6_反馈,2025-02-28 02:47:59,0,192,20.1
_二期_供水泵房_5#加压泵__温度_通道6_反馈,2025-02-28 02:48:00,0,192,20.1
_二期_供水泵房_5#加压泵__温度_通道6_反馈,2025-02-28 02:48:01,0,192,20.1
_二期_供水泵房_5#加压泵__温度_通道6_反馈,2025-02-28 02:48:02,0,192,20.1
_二期_供水泵房_5#加压泵__温度_通道6_反馈,2025-02-28 02:48:03,0,192,20.1
_二期_供水泵房_5#加压泵__温度_通道6_反馈,2025-02-28 02:48:04,0,192,20.1
_二期_供水泵房_5#加压泵__温度_通道6_反馈,2025-02-28 02:48:05,0,192,20.1
_二期_供水泵房_5#加压泵__温度_通道6_反馈,2025-02-28 02:48:06,0,192,20.1
_二期_供水泵房_5#加压泵__温度_通道6_反馈,2025-02-28 02:48:07,0,192,20.1
_二期_供水泵房_5#加压泵__温度_通道6_反馈,2025-02-28 02:48:08,0,192,20.1
_二期_供水泵房_5#加压泵__温度_通道6_反馈,2025-02-28 02:48:09,0,192,20.1
_二期_供水泵房_5#加压泵__温度_通道6_反馈,2025-02-28 02:48:10,0,192,20.1
_二期_供水泵房_5#加压泵__温度_通道6_反馈,2025-02-28 02:48:11,0,192,20.1
_二期_供水泵房_5#加压泵__温度_通道6_反馈,2025-02-28 02:48:12,0,192,20.1
_二期_供水泵房_5#加压泵__温度_通道6_反馈,2025-02-28 02:48:13,0,192,20.1
_二期_供水泵房_5#加压泵__温度_通道6_反馈,2025-02-28 02:48:14,0,192,20.1
_二期_供水泵房_5#加压泵__温度_通道6_反馈,2025-02-28 02:48:15,0,192,20.1
_二期_供水泵房_5#加压泵__温度_通道6_反馈,2025-02-28 02:48:16,0,192,20.1
_二期_供水泵房_5#加压泵__温度_通道6_反馈,2025-02-28 02:48:17,0,192,20.1
_二期_供水泵房_5#加压泵__温度_通道6_反馈,2025-02-28 02:48:18,0,192,20.1
_二期_供水泵房_5#加压泵__温度_通道6_反馈,2025-02-28 02:48:19,0,192,20.1
_二期_供水泵房_5#加压泵__温度_通道6_反馈,2025-02-28 02:48:20,0,192,20.1
_二期_供水泵房_5#加压泵__温度_通道6_反馈,2025-02-28 02:48:21,0,192,20.1
_二期_供水泵房_5#加压泵__温度_通道6_反馈,2025-02-28 02:48:22,0,192,20.1
_二期_供水泵房_5#加压泵__温度_通道6_反馈,2025-02-28 02:48:23,0,192,20.1
_二期_供水泵房_5#加压泵__温度_通道6_反馈,2025-02-28 02:48:24,0,192,20.1
_二期_供水泵房_5#加压泵__温度_通道6_反馈,2025-02-28 02:48:25,0,192,20.1
_二期_供水泵房_5#加压泵__温度_通道6_反馈,2025-02-28 02:48:26,0,192,20.1
_二期_供水泵房_5#加压泵__温度_通道6_反馈,2025-02-28 02:48:27,0,192,20.1
_二期_供水泵房_5#加压泵__温度_通道6_反馈,2025-02-28 02:48:28,0,192,20.1
_二期_供水泵房_5#加压泵__温度_通道6_反馈,2025-02-28 02:48:29,0,192,20.1
_二期_供水泵房_5#加压泵__温度_通道6_反馈,2025-02-28 02:48:30,0,192,20.1
_二期_供水泵房_5#加压泵__温度_通道6_反馈,2025-02-28 02:48:31,0,192,20.1
_二期_供水泵房_5#加压泵__温度_通道6_反馈,2025-02-28 02:48:32,0,192,20.1
_二期_供水泵房_5#加压泵__温度_通道6_反馈,2025-02-28 02:48:33,0,192,20.1
_二期_供水泵房_5#加压泵__温度_通道6_反馈,2025-02-28 02:48:34,0,192,20.1
_二期_供水泵房_5#加压泵__温度_通道6_反馈,2025-02-28 02:48:35,0,192,20.1
_二期_供水泵房_5#加压泵__温度_通道6_反馈,2025-02-28 02:48:36,0,192,20.1
_二期_供水泵房_5#加压泵__温度_通道6_反馈,2025-02-28 02:48:37,0,192,20.1
_二期_供水泵房_5#加压泵__温度_通道6_反馈,2025-02-28 02:48:38,0,192,20.1
_二期_供水泵房_5#加压泵__温度_通道6_反馈,2025-02-28 02:48:39,0,192,20.1
_二期_供水泵房_5#加压泵__温度_通道6_反馈,2025-02-28 02:48:40,0,192,20.1
_二期_供水泵房_5#加压泵__温度_通道6_反馈,2025-02-28 02:48:41,0,192,20.1
_二期_供水泵房_5#加压泵__温度_通道6_反馈,2025-02-28 02:48:42,0,192,20.1
_二期_供水泵房_5#加压泵__温度_通道6_反馈,2025-02-28 02:48:43,0,192,20.1
_二期_供水泵房_5#加压泵__温度_通道6_反馈,2025-02-28 02:48:44,0,192,20.1
_二期_供水泵房_5#加压泵__温度_通道6_反馈,2025-02-28 02:48:45,0,192,20.1
_二期_供水泵房_5#加压泵__温度_通道6_反馈,2025-02-28 02:48:46,0,192,20.1
_二期_供水泵房_5#加压泵__温度_通道6_反馈,2025-02-28 02:48:47,0,192,20.1
_二期_供水泵房_5#加压泵__温度_通道6_反馈,2025-02-28 02:48:48,0,192,20.1
_二期_供水泵房_5#加压泵__温度_通道6_反馈,2025-02-28 02:48:49,0,192,20.1
_二期_供水泵房_5#加压泵__温度_通道6_反馈,2025-02-28 02:48:50,0,192,20.1
_二期_供水泵房_5#加压泵__温度_通道6_反馈,2025-02-28 02:48:51,0,192,20.1
_二期_供水泵房_5#加压泵__温度_通道6_反馈,2025-02-28 02:48:52,0,192,20.1
_二期_供水泵房_5#加压泵__温度_通道6_反馈,2025-02-28 02:48:53,0,192,20.1
_二期_供水泵房_5#加压泵__温度_通道6_反馈,2025-02-28 02:48:54,0,192,20.1
_二期_供水泵房_5#加压泵__温度_通道6_反馈,2025-02-28 02:48:55,0,192,20.1
_二期_供水泵房_5#加压泵__温度_通道6_反馈,2025-02-28 02:48:56,0,192,20.1
_二期_供水泵房_5#加压泵__温度_通道6_反馈,2025-02-28 02:48:57,0,192,20.1
_二期_供水泵房_5#加压泵__温度_通道6_反馈,2025-02-28 02:48:58,0,192,20.1
_二期_供水泵房_5#加压泵__温度_通道6_反馈,2025-02-28 02:48:59,0,192,20.1
_二期_供水泵房_5#加压泵__温度_通道6_反馈,2025-02-28 02:49:00,0,192,20.1
_二期_供水泵房_5#加压泵__温度_通道6_反馈,2025-02-28 02:49:01,0,192,20.1
_二期_供水泵房_5#加压泵__温度_通道6_反馈,2025-02-28 02:49:02,0,192,20.1
_二期_供水泵房_5#加压泵__温度_通道6_反馈,2025-02-28 02:49:03,0,192,20.1
_二期_供水泵房_5#加压泵__温度_通道6_反馈,2025-02-28 02:49:04,0,192,20.1
_二期_供水泵房_5#加压泵__温度_通道6_反馈,2025-02-28 02:49:05,0,192,20.1
_二期_供水泵房_5#加压泵__温度_通道6_反馈,2025-02-28 02:49:06,0,192,20.1
_二期_供水泵房_5#加压泵__温度_通道6_反馈,2025-02-28 02:49:07,0,192,20.1
_二期_供水泵房_5#加压泵__温度_通道6_反馈,2025-02-28 02:49:08,0,192,20.1
_二期_供水泵房_5#加压泵__温度_通道6_反馈,2025-02-28 02:49:09,0,192,20.1
_二期_供水泵房_5#加压泵__温度_通道6_反馈,2025-02-28 02:49:10,0,192,20.1
_二期_供水泵房_5#加压泵__温度_通道6_反馈,2025-02-28 02:49:11,0,192,20.1
_二期_供水泵房_5#加压泵__温度_通道6_反馈,2025-02-28 02:49:12,0,192,20.1
_二期_供水泵房_5#加压泵__温度_通道6_反馈,2025-02-28 02:49:13,0,192,20.1
_二期_供水泵房_5#加压泵__温度_通道6_反馈,2025-02-28 02:49:14,0,192,20.1
_二期_供水泵房_5#加压泵__温度_通道6_反馈,2025-02-28 02:49:15,0,192,20.1
_二期_供水泵房_5#加压泵__温度_通道6_反馈,2025-02-28 02:49:16,0,192,20.1
_二期_供水泵房_5#加压泵__温度_通道6_反馈,2025-02-28 02:49:17,0,192,20.1
_二期_供水泵房_5#加压泵__温度_通道6_反馈,2025-02-28 02:49:18,0,192,20.1
_二期_供水泵房_5#加压泵__温度_通道6_反馈,2025-02-28 02:49:19,0,192,20.1
_二期_供水泵房_5#加压泵__温度_通道6_反馈,2025-02-28 02:49:20,0,192,20.1
_二期_供水泵房_5#加压泵__温度_通道6_反馈,2025-02-28 02:49:21,0,192,20.1
_二期_供水泵房_5#加压泵__温度_通道6_反馈,2025-02-28 02:49:22,0,192,20.1
_二期_供水泵房_5#加压泵__温度_通道6_反馈,2025-02-28 02:49:23,0,192,20.1
_二期_供水泵房_5#加压泵__温度_通道6_反馈,2025-02-28 02:49:24,0,192,20.1
_二期_供水泵房_5#加压泵__温度_通道6_反馈,2025-02-28 02:49:25,0,192,20.1
_二期_供水泵房_5#加压泵__温度_通道6_反馈,2025-02-28 02:49:26,0,192,20.1
_二期_供水泵房_5#加压泵__温度_通道6_反馈,2025-02-28 02:49:27,0,192,20.1
_二期_供水泵房_5#加压泵__温度_通道6_反馈,2025-02-28 02:49:28,0,192,20.1
_二期_供水泵房_5#加压泵__温度_通道6_反馈,2025-02-28 02:49:29,0,192,20.1
_二期_供水泵房_5#加压泵__温度_通道6_反馈,2025-02-28 02:49:30,0,192,20.1
_二期_供水泵房_5#加压泵__温度_通道6_反馈,2025-02-28 02:49:31,0,192,20.1
_二期_供水泵房_5#加压泵__温度_通道6_反馈,2025-02-28 02:49:32,0,192,20.1
_二期_供水泵房_5#加压泵__温度_通道6_反馈,2025-02-28 02:49:33,0,192,20.1
_二期_供水泵房_5#加压泵__温度_通道6_反馈,2025-02-28 02:49:34,0,192,20.1
_二期_供水泵房_5#加压泵__温度_通道6_反馈,2025-02-28 02:49:35,0,192,20.1
_二期_供水泵房_5#加压泵__温度_通道6_反馈,2025-02-28 02:49:36,0,192,20.1
_二期_供水泵房_5#加压泵__温度_通道6_反馈,2025-02-28 02:49:37,0,192,20.1
_二期_供水泵房_5#加压泵__温度_通道6_反馈,2025-02-28 02:49:38,0,192,20.1
_二期_供水泵房_5#加压泵__温度_通道6_反馈,2025-02-28 02:49:39,0,192,20.1
_二期_供水泵房_5#加压泵__温度_通道6_反馈,2025-02-28 02:49:40,0,192,20.1
_二期_供水泵房_5#加压泵__温度_通道6_反馈,2025-02-28 02:49:41,0,192,20.1
_二期_供水泵房_5#加压泵__温度_通道6_反馈,2025-02-28 02:49:42,0,192,20.1
_二期_供水泵房_5#加压泵__温度_通道6_反馈,2025-02-28 02:49:43,0,192,20.1
_二期_供水泵房_5#加压泵__温度_通道6_反馈,2025-02-28 02:49:44,0,192,20.1
_二期_供水泵房_5#加压泵__温度_通道6_反馈,2025-02-28 02:49:45,0,192,20.1
_二期_供水泵房_5#加压泵__温度_通道6_反馈,2025-02-28 02:49:46,0,192,20.1
_二期_供水泵房_5#加压泵__温度_通道6_反馈,2025-02-28 02:49:47,0,192,20.1
_二期_供水泵房_5#加压泵__温度_通道6_反馈,2025-02-28 02:49:48,0,192,20.1
_二期_供水泵房_5#加压泵__温度_通道6_反馈,2025-02-28 02:49:49,0,192,20.1
_二期_供水泵房_5#加压泵__温度_通道6_反馈,2025-02-28 02:49:50,0,192,20.1
_二期_供水泵房_5#加压泵__温度_通道6_反馈,2025-02-28 02:49:51,0,192,20.1
_二期_供水泵房_5#加压泵__温度_通道6_反馈,2025-02-28 02:49:52,0,192,20.1
_二期_供水泵房_5#加压泵__温度_通道6_反馈,2025-02-28 02:49:53,0,192,20.1
_二期_供水泵房_5#加压泵__温度_通道6_反馈,2025-02-28 02:49:54,0,192,20.1
_二期_供水泵房_5#加压泵__温度_通道6_反馈,2025-02-28 02:49:55,0,192,20.1
_二期_供水泵房_5#加压泵__温度_通道6_反馈,2025-02-28 02:49:56,0,192,20.1
_二期_供水泵房_5#加压泵__温度_通道6_反馈,2025-02-28 02:49:57,0,192,20.1
_二期_供水泵房_5#加压泵__温度_通道6_反馈,2025-02-28 02:49:58,0,192,20.1
_二期_供水泵房_5#加压泵__温度_通道6_反馈,2025-02-28 02:49:59,0,192,20.1
_二期_供水泵房_5#加压泵__温度_通道6_反馈,2025-02-28 02:50:00,0,192,20.1
_二期_供水泵房_5#加压泵__温度_通道6_反馈,2025-02-28 02:50:01,0,192,20.1
_二期_供水泵房_5#加压泵__温度_通道6_反馈,2025-02-28 02:50:02,0,192,20.1
_二期_供水泵房_5#加压泵__温度_通道6_反馈,2025-02-28 02:50:03,0,192,20.1
_二期_供水泵房_5#加压泵__温度_通道6_反馈,2025-02-28 02:50:04,0,192,20.1
_二期_供水泵房_5#加压泵__温度_通道6_反馈,2025-02-28 02:50:05,0,192,20.1
_二期_供水泵房_5#加压泵__温度_通道6_反馈,2025-02-28 02:50:06,0,192,20.1
_二期_供水泵房_5#加压泵__温度_通道6_反馈,2025-02-28 02:50:07,0,192,20.1
_二期_供水泵房_5#加压泵__温度_通道6_反馈,2025-02-28 02:50:08,0,192,20.1
_二期_供水泵房_5#加压泵__温度_通道6_反馈,2025-02-28 02:50:09,0,192,20.1
_二期_供水泵房_5#加压泵__温度_通道6_反馈,2025-02-28 02:50:10,0,192,20.1
_二期_供水泵房_5#加压泵__温度_通道6_反馈,2025-02-28 02:50:11,0,192,20.1
_二期_供水泵房_5#加压泵__温度_通道6_反馈,2025-02-28 02:50:12,0,192,20.1
_二期_供水泵房_5#加压泵__温度_通道6_反馈,2025-02-28 02:50:13,0,192,20.1
_二期_供水泵房_5#加压泵__温度_通道6_反馈,2025-02-28 02:50:14,0,192,20.1
_二期_供水泵房_5#加压泵__温度_通道6_反馈,2025-02-28 02:50:15,0,192,20.1
_二期_供水泵房_5#加压泵__温度_通道6_反馈,2025-02-28 02:50:16,0,192,20.1
_二期_供水泵房_5#加压泵__温度_通道6_反馈,2025-02-28 02:50:17,0,192,20.1
_二期_供水泵房_5#加压泵__温度_通道6_反馈,2025-02-28 02:50:18,0,192,20.1
_二期_供水泵房_5#加压泵__温度_通道6_反馈,2025-02-28 02:50:19,0,192,20.1
_二期_供水泵房_5#加压泵__温度_通道6_反馈,2025-02-28 02:50:20,0,192,20.1
_二期_供水泵房_5#加压泵__温度_通道6_反馈,2025-02-28 02:50:21,0,192,20.1
_二期_供水泵房_5#加压泵__温度_通道6_反馈,2025-02-28 02:50:22,0,192,20.1
_二期_供水泵房_5#加压泵__温度_通道6_反馈,2025-02-28 02:50:23,0,192,20.1
_二期_供水泵房_5#加压泵__温度_通道6_反馈,2025-02-28 02:50:24,0,192,20.1
_二期_供水泵房_5#加压泵__温度_通道6_反馈,2025-02-28 02:50:25,0,192,20.1
_二期_供水泵房_5#加压泵__温度_通道6_反馈,2025-02-28 02:50:26,0,192,20.1
_二期_供水泵房_5#加压泵__温度_通道6_反馈,2025-02-28 02:50:27,0,192,20.1
_二期_供水泵房_5#加压泵__温度_通道6_反馈,2025-02-28 02:50:28,0,192,20.1
_二期_供水泵房_5#加压泵__温度_通道6_反馈,2025-02-28 02:50:29,0,192,20.1
_二期_供水泵房_5#加压泵__温度_通道6_反馈,2025-02-28 02:50:30,0,192,20.1
_二期_供水泵房_5#加压泵__温度_通道6_反馈,2025-02-28 02:50:31,0,192,20.1
_二期_供水泵房_5#加压泵__温度_通道6_反馈,2025-02-28 02:50:32,0,192,20.1
_二期_供水泵房_5#加压泵__温度_通道6_反馈,2025-02-28 02:50:33,0,192,20.1
_二期_供水泵房_5#加压泵__温度_通道6_反馈,2025-02-28 02:50:34,0,192,20.1
_二期_供水泵房_5#加压泵__温度_通道6_反馈,2025-02-28 02:50:35,0,192,20.1
_二期_供水泵房_5#加压泵__温度_通道6_反馈,2025-02-28 02:50:36,0,192,20.1
_二期_供水泵房_5#加压泵__温度_通道6_反馈,2025-02-28 02:50:37,0,192,20.1
_二期_供水泵房_5#加压泵__温度_通道6_反馈,2025-02-28 02:50:38,0,192,20.1
_二期_供水泵房_5#加压泵__温度_通道6_反馈,2025-02-28 02:50:39,0,192,20.1
_二期_供水泵房_5#加压泵__温度_通道6_反馈,2025-02-28 02:50:40,0,192,20.1
_二期_供水泵房_5#加压泵__温度_通道6_反馈,2025-02-28 02:50:41,0,192,20.1
_二期_供水泵房_5#加压泵__温度_通道6_反馈,2025-02-28 02:50:42,0,192,20.1
_二期_供水泵房_5#加压泵__温度_通道6_反馈,2025-02-28 02:50:43,0,192,20.1
_二期_供水泵房_5#加压泵__温度_通道6_反馈,2025-02-28 02:50:44,0,192,20.1
_二期_供水泵房_5#加压泵__温度_通道6_反馈,2025-02-28 02:50:45,0,192,20.1
_二期_供水泵房_5#加压泵__温度_通道6_反馈,2025-02-28 02:50:46,0,192,20.1
_二期_供水泵房_5#加压泵__温度_通道6_反馈,2025-02-28 02:50:47,0,192,20.1
_二期_供水泵房_5#加压泵__温度_通道6_反馈,2025-02-28 02:50:48,0,192,20.1
_二期_供水泵房_5#加压泵__温度_通道6_反馈,2025-02-28 02:50:49,0,192,20.1
_二期_供水泵房_5#加压泵__温度_通道6_反馈,2025-02-28 02:50:50,0,192,20.1
_二期_供水泵房_5#加压泵__温度_通道6_反馈,2025-02-28 02:50:51,0,192,20.1
_二期_供水泵房_5#加压泵__温度_通道6_反馈,2025-02-28 02:50:52,0,192,20.1
_二期_供水泵房_5#加压泵__温度_通道6_反馈,2025-02-28 02:50:53,0,192,20.1
_二期_供水泵房_5#加压泵__温度_通道6_反馈,2025-02-28 02:50:54,0,192,20.1
_二期_供水泵房_5#加压泵__温度_通道6_反馈,2025-02-28 02:50:55,0,192,20.1
_二期_供水泵房_5#加压泵__温度_通道6_反馈,2025-02-28 02:50:56,0,192,20.1
_二期_供水泵房_5#加压泵__温度_通道6_反馈,2025-02-28 02:50:57,0,192,20.1
_二期_供水泵房_5#加压泵__温度_通道6_反馈,2025-02-28 02:50:58,0,192,20.1
_二期_供水泵房_5#加压泵__温度_通道6_反馈,2025-02-28 02:50:59,0,192,20.1
_二期_供水泵房_5#加压泵__温度_通道6_反馈,2025-02-28 02:51:00,0,192,20.1
_二期_供水泵房_5#加压泵__温度_通道6_反馈,2025-02-28 02:51:01,0,192,20.1
_二期_供水泵房_5#加压泵__温度_通道6_反馈,2025-02-28 02:51:02,0,192,20.1
_二期_供水泵房_5#加压泵__温度_通道6_反馈,2025-02-28 02:51:03,0,192,20.1
_二期_供水泵房_5#加压泵__温度_通道6_反馈,2025-02-28 02:51:04,0,192,20.1
_二期_供水泵房_5#加压泵__温度_通道6_反馈,2025-02-28 02:51:05,0,192,20.1
_二期_供水泵房_5#加压泵__温度_通道6_反馈,2025-02-28 02:51:06,0,192,20.1
_二期_供水泵房_5#加压泵__温度_通道6_反馈,2025-02-28 02:51:07,0,192,20.1
_二期_供水泵房_5#加压泵__温度_通道6_反馈,2025-02-28 02:51:08,0,192,20.1
_二期_供水泵房_5#加压泵__温度_通道6_反馈,2025-02-28 02:51:09,0,192,20.1
_二期_供水泵房_5#加压泵__温度_通道6_反馈,2025-02-28 02:51:10,0,192,20.1
_二期_供水泵房_5#加压泵__温度_通道6_反馈,2025-02-28 02:51:11,0,192,20.1
_二期_供水泵房_5#加压泵__温度_通道6_反馈,2025-02-28 02:51:12,0,192,20.1
_二期_供水泵房_5#加压泵__温度_通道6_反馈,2025-02-28 02:51:13,0,192,20.1
_二期_供水泵房_5#加压泵__温度_通道6_反馈,2025-02-28 02:51:14,0,192,20.1
_二期_供水泵房_5#加压泵__温度_通道6_反馈,2025-02-28 02:51:15,0,192,20.1
_二期_供水泵房_5#加压泵__温度_通道6_反馈,2025-02-28 02:51:16,0,192,20.1
_二期_供水泵房_5#加压泵__温度_通道6_反馈,2025-02-28 02:51:17,0,192,20.1
_二期_供水泵房_5#加压泵__温度_通道6_反馈,2025-02-28 02:51:18,0,192,20.1
_二期_供水泵房_5#加压泵__温度_通道6_反馈,2025-02-28 02:51:19,0,192,20.1
_二期_供水泵房_5#加压泵__温度_通道6_反馈,2025-02-28 02:51:20,0,192,20.1
_二期_供水泵房_5#加压泵__温度_通道6_反馈,2025-02-28 02:51:21,0,192,20.1
_二期_供水泵房_5#加压泵__温度_通道6_反馈,2025-02-28 02:51:22,0,192,20.1
_二期_供水泵房_5#加压泵__温度_通道6_反馈,2025-02-28 02:51:23,0,192,20.1
_二期_供水泵房_5#加压泵__温度_通道6_反馈,2025-02-28 02:51:24,0,192,20.1
_二期_供水泵房_5#加压泵__温度_通道6_反馈,2025-02-28 02:51:25,0,192,20.1
_二期_供水泵房_5#加压泵__温度_通道6_反馈,2025-02-28 02:51:26,0,192,20.1
_二期_供水泵房_5#加压泵__温度_通道6_反馈,2025-02-28 02:51:27,0,192,20.1
_二期_供水泵房_5#加压泵__温度_通道6_反馈,2025-02-28 02:51:28,0,192,20.1
_二期_供水泵房_5#加压泵__温度_通道6_反馈,2025-02-28 02:51:29,0,192,20.1
_二期_供水泵房_5#加压泵__温度_通道6_反馈,2025-02-28 02:51:30,0,192,20.1
_二期_供水泵房_5#加压泵__温度_通道6_反馈,2025-02-28 02:51:31,0,192,20.1
_二期_供水泵房_5#加压泵__温度_通道6_反馈,2025-02-28 02:51:32,0,192,20.1
_二期_供水泵房_5#加压泵__温度_通道6_反馈,2025-02-28 02:51:33,0,192,20.1
_二期_供水泵房_5#加压泵__温度_通道6_反馈,2025-02-28 02:51:34,0,192,20.1
_二期_供水泵房_5#加压泵__温度_通道6_反馈,2025-02-28 02:51:35,0,192,20.1
_二期_供水泵房_5#加压泵__温度_通道6_反馈,2025-02-28 02:51:36,0,192,20.1
_二期_供水泵房_5#加压泵__温度_通道6_反馈,2025-02-28 02:51:37,0,192,20.1
_二期_供水泵房_5#加压泵__温度_通道6_反馈,2025-02-28 02:51:38,0,192,20.1
_二期_供水泵房_5#加压泵__温度_通道6_反馈,2025-02-28 02:51:39,0,192,20.1
_二期_供水泵房_5#加压泵__温度_通道6_反馈,2025-02-28 02:51:40,0,192,20.1
_二期_供水泵房_5#加压泵__温度_通道6_反馈,2025-02-28 02:51:41,0,192,20.1
_二期_供水泵房_5#加压泵__温度_通道6_反馈,2025-02-28 02:51:42,0,192,20.1
_二期_供水泵房_5#加压泵__温度_通道6_反馈,2025-02-28 02:51:43,0,192,20.1
_二期_供水泵房_5#加压泵__温度_通道6_反馈,2025-02-28 02:51:44,0,192,20.1
_二期_供水泵房_5#加压泵__温度_通道6_反馈,2025-02-28 02:51:45,0,192,20.1
_二期_供水泵房_5#加压泵__温度_通道6_反馈,2025-02-28 02:51:46,0,192,20.1
_二期_供水泵房_5#加压泵__温度_通道6_反馈,2025-02-28 02:51:47,0,192,20.1
_二期_供水泵房_5#加压泵__温度_通道6_反馈,2025-02-28 02:51:48,0,192,20.1
_二期_供水泵房_5#加压泵__温度_通道6_反馈,2025-02-28 02:51:49,0,192,20.1
_二期_供水泵房_5#加压泵__温度_通道6_反馈,2025-02-28 02:51:50,0,192,20.1
_二期_供水泵房_5#加压泵__温度_通道6_反馈,2025-02-28 02:51:51,0,192,20.1
_二期_供水泵房_5#加压泵__温度_通道6_反馈,2025-02-28 02:51:52,0,192,20.1
_二期_供水泵房_5#加压泵__温度_通道6_反馈,2025-02-28 02:51:53,0,192,20.1
_二期_供水泵房_5#加压泵__温度_通道6_反馈,2025-02-28 02:51:54,0,192,20.1
_二期_供水泵房_5#加压泵__温度_通道6_反馈,2025-02-28 02:51:55,0,192,20.1
_二期_供水泵房_5#加压泵__温度_通道6_反馈,2025-02-28 02:51:56,0,192,20.1
_二期_供水泵房_5#加压泵__温度_通道6_反馈,2025-02-28 02:51:57,0,192,20.1
_二期_供水泵房_5#加压泵__温度_通道6_反馈,2025-02-28 02:51:58,0,192,20.1
_二期_供水泵房_5#加压泵__温度_通道6_反馈,2025-02-28 02:51:59,0,192,20.1
_二期_供水泵房_5#加压泵__温度_通道6_反馈,2025-02-28 02:52:00,0,192,20.1
_二期_供水泵房_5#加压泵__温度_通道6_反馈,2025-02-28 02:52:01,0,192,20.1
_二期_供水泵房_5#加压泵__温度_通道6_反馈,2025-02-28 02:52:02,0,192,20.1
_二期_供水泵房_5#加压泵__温度_通道6_反馈,2025-02-28 02:52:03,0,192,20.1
_二期_供水泵房_5#加压泵__温度_通道6_反馈,2025-02-28 02:52:04,0,192,20.1
_二期_供水泵房_5#加压泵__温度_通道6_反馈,2025-02-28 02:52:05,0,192,20.1
_二期_供水泵房_5#加压泵__温度_通道6_反馈,2025-02-28 02:52:06,0,192,20.1
_二期_供水泵房_5#加压泵__温度_通道6_反馈,2025-02-28 02:52:07,0,192,20.1
_二期_供水泵房_5#加压泵__温度_通道6_反馈,2025-02-28 02:52:08,0,192,20.1
_二期_供水泵房_5#加压泵__温度_通道6_反馈,2025-02-28 02:52:09,0,192,20.1
_二期_供水泵房_5#加压泵__温度_通道6_反馈,2025-02-28 02:52:10,0,192,20.1
_二期_供水泵房_5#加压泵__温度_通道6_反馈,2025-02-28 02:52:11,0,192,20.1
_二期_供水泵房_5#加压泵__温度_通道6_反馈,2025-02-28 02:52:12,0,192,20.1
_二期_供水泵房_5#加压泵__温度_通道6_反馈,2025-02-28 02:52:13,0,192,20.1
_二期_供水泵房_5#加压泵__温度_通道6_反馈,2025-02-28 02:52:14,0,192,20.1
_二期_供水泵房_5#加压泵__温度_通道6_反馈,2025-02-28 02:52:15,0,192,20.1
_二期_供水泵房_5#加压泵__温度_通道6_反馈,2025-02-28 02:52:16,0,192,20.1
_二期_供水泵房_5#加压泵__温度_通道6_反馈,2025-02-28 02:52:17,0,192,20.1
_二期_供水泵房_5#加压泵__温度_通道6_反馈,2025-02-28 02:52:18,0,192,20.1
_二期_供水泵房_5#加压泵__温度_通道6_反馈,2025-02-28 02:52:19,0,192,20.1
_二期_供水泵房_5#加压泵__温度_通道6_反馈,2025-02-28 02:52:20,0,192,20.1
_二期_供水泵房_5#加压泵__温度_通道6_反馈,2025-02-28 02:52:21,0,192,20.1
_二期_供水泵房_5#加压泵__温度_通道6_反馈,2025-02-28 02:52:22,0,192,20.1
_二期_供水泵房_5#加压泵__温度_通道6_反馈,2025-02-28 02:52:23,0,192,20.1
_二期_供水泵房_5#加压泵__温度_通道6_反馈,2025-02-28 02:52:24,0,192,20.1
_二期_供水泵房_5#加压泵__温度_通道6_反馈,2025-02-28 02:52:25,0,192,20.1
_二期_供水泵房_5#加压泵__温度_通道6_反馈,2025-02-28 02:52:26,0,192,20.1
_二期_供水泵房_5#加压泵__温度_通道6_反馈,2025-02-28 02:52:27,0,192,20.1
_二期_供水泵房_5#加压泵__温度_通道6_反馈,2025-02-28 02:52:28,0,192,20.1
_二期_供水泵房_5#加压泵__温度_通道6_反馈,2025-02-28 02:52:29,0,192,20.1
_二期_供水泵房_5#加压泵__温度_通道6_反馈,2025-02-28 02:52:30,0,192,20.1
_二期_供水泵房_5#加压泵__温度_通道6_反馈,2025-02-28 02:52:31,0,192,20.1
_二期_供水泵房_5#加压泵__温度_通道6_反馈,2025-02-28 02:52:32,0,192,20.1
_二期_供水泵房_5#加压泵__温度_通道6_反馈,2025-02-28 02:52:33,0,192,20.1
_二期_供水泵房_5#加压泵__温度_通道6_反馈,2025-02-28 02:52:34,0,192,20.1
_二期_供水泵房_5#加压泵__温度_通道6_反馈,2025-02-28 02:52:35,0,192,20.1
_二期_供水泵房_5#加压泵__温度_通道6_反馈,2025-02-28 02:52:36,0,192,20.1
_二期_供水泵房_5#加压泵__温度_通道6_反馈,2025-02-28 02:52:37,0,192,20.1
_二期_供水泵房_5#加压泵__温度_通道6_反馈,2025-02-28 02:52:38,0,192,20.1
_二期_供水泵房_5#加压泵__温度_通道6_反馈,2025-02-28 02:52:39,0,192,20.1
_二期_供水泵房_5#加压泵__温度_通道6_反馈,2025-02-28 02:52:40,0,192,20.1
_二期_供水泵房_5#加压泵__温度_通道6_反馈,2025-02-28 02:52:41,0,192,20.1
_二期_供水泵房_5#加压泵__温度_通道6_反馈,2025-02-28 02:52:42,0,192,20.1
_二期_供水泵房_5#加压泵__温度_通道6_反馈,2025-02-28 02:52:43,0,192,20.1
_二期_供水泵房_5#加压泵__温度_通道6_反馈,2025-02-28 02:52:44,0,192,20.1
_二期_供水泵房_5#加压泵__温度_通道6_反馈,2025-02-28 02:52:45,0,192,20.1
_二期_供水泵房_5#加压泵__温度_通道6_反馈,2025-02-28 02:52:46,0,192,20.1
_二期_供水泵房_5#加压泵__温度_通道6_反馈,2025-02-28 02:52:47,0,192,20.1
_二期_供水泵房_5#加压泵__温度_通道6_反馈,2025-02-28 02:52:48,0,192,20.1
_二期_供水泵房_5#加压泵__温度_通道6_反馈,2025-02-28 02:52:49,0,192,20.1
_二期_供水泵房_5#加压泵__温度_通道6_反馈,2025-02-28 02:52:50,0,192,20.1
_二期_供水泵房_5#加压泵__温度_通道6_反馈,2025-02-28 02:52:51,0,192,20.1
_二期_供水泵房_5#加压泵__温度_通道6_反馈,2025-02-28 02:52:52,0,192,20.1
_二期_供水泵房_5#加压泵__温度_通道6_反馈,2025-02-28 02:52:53,0,192,20.1
_二期_供水泵房_5#加压泵__温度_通道6_反馈,2025-02-28 02:52:54,0,192,20.1
_二期_供水泵房_5#加压泵__温度_通道6_反馈,2025-02-28 02:52:55,0,192,20.1
_二期_供水泵房_5#加压泵__温度_通道6_反馈,2025-02-28 02:52:56,0,192,20.1
_二期_供水泵房_5#加压泵__温度_通道6_反馈,2025-02-28 02:52:57,0,192,20.1
_二期_供水泵房_5#加压泵__温度_通道6_反馈,2025-02-28 02:52:58,0,192,20.1
_二期_供水泵房_5#加压泵__温度_通道6_反馈,2025-02-28 02:52:59,0,192,20.1
_二期_供水泵房_5#加压泵__温度_通道6_反馈,2025-02-28 02:53:00,0,192,20.1
_二期_供水泵房_5#加压泵__温度_通道6_反馈,2025-02-28 02:53:01,0,192,20.1
_二期_供水泵房_5#加压泵__温度_通道6_反馈,2025-02-28 02:53:02,0,192,20.1
_二期_供水泵房_5#加压泵__温度_通道6_反馈,2025-02-28 02:53:03,0,192,20.1
_二期_供水泵房_5#加压泵__温度_通道6_反馈,2025-02-28 02:53:04,0,192,20.1
_二期_供水泵房_5#加压泵__温度_通道6_反馈,2025-02-28 02:53:05,0,192,20.1
_二期_供水泵房_5#加压泵__温度_通道6_反馈,2025-02-28 02:53:06,0,192,20.1
_二期_供水泵房_5#加压泵__温度_通道6_反馈,2025-02-28 02:53:07,0,192,20.1
_二期_供水泵房_5#加压泵__温度_通道6_反馈,2025-02-28 02:53:08,0,192,20.1
_二期_供水泵房_5#加压泵__温度_通道6_反馈,2025-02-28 02:53:09,0,192,20.1
_二期_供水泵房_5#加压泵__温度_通道6_反馈,2025-02-28 02:53:10,0,192,20.1
_二期_供水泵房_5#加压泵__温度_通道6_反馈,2025-02-28 02:53:11,0,192,20.1
_二期_供水泵房_5#加压泵__温度_通道6_反馈,2025-02-28 02:53:12,0,192,20.1
_二期_供水泵房_5#加压泵__温度_通道6_反馈,2025-02-28 02:53:13,0,192,20.1
_二期_供水泵房_5#加压泵__温度_通道6_反馈,2025-02-28 02:53:14,0,192,20.1
_二期_供水泵房_5#加压泵__温度_通道6_反馈,2025-02-28 02:53:15,0,192,20.1
_二期_供水泵房_5#加压泵__温度_通道6_反馈,2025-02-28 02:53:16,0,192,20.1
_二期_供水泵房_5#加压泵__温度_通道6_反馈,2025-02-28 02:53:17,0,192,20.1
_二期_供水泵房_5#加压泵__温度_通道6_反馈,2025-02-28 02:53:18,0,192,20.1
_二期_供水泵房_5#加压泵__温度_通道6_反馈,2025-02-28 02:53:19,0,192,20.1
_二期_供水泵房_5#加压泵__温度_通道6_反馈,2025-02-28 02:53:20,0,192,20.1
_二期_供水泵房_5#加压泵__温度_通道6_反馈,2025-02-28 02:53:21,0,192,20.1
_二期_供水泵房_5#加压泵__温度_通道6_反馈,2025-02-28 02:53:22,0,192,20.1
_二期_供水泵房_5#加压泵__温度_通道6_反馈,2025-02-28 02:53:23,0,192,20.1
_二期_供水泵房_5#加压泵__温度_通道6_反馈,2025-02-28 02:53:24,0,192,20.1
_二期_供水泵房_5#加压泵__温度_通道6_反馈,2025-02-28 02:53:25,0,192,20.1
_二期_供水泵房_5#加压泵__温度_通道6_反馈,2025-02-28 02:53:26,0,192,20.1
_二期_供水泵房_5#加压泵__温度_通道6_反馈,2025-02-28 02:53:27,0,192,20.1
_二期_供水泵房_5#加压泵__温度_通道6_反馈,2025-02-28 02:53:28,0,192,20.1
_二期_供水泵房_5#加压泵__温度_通道6_反馈,2025-02-28 02:53:29,0,192,20.1
_二期_供水泵房_5#加压泵__温度_通道6_反馈,2025-02-28 02:53:30,0,192,20.1
_二期_供水泵房_5#加压泵__温度_通道6_反馈,2025-02-28 02:53:31,0,192,20.1
_二期_供水泵房_5#加压泵__温度_通道6_反馈,2025-02-28 02:53:32,0,192,20.1
_二期_供水泵房_5#加压泵__温度_通道6_反馈,2025-02-28 02:53:33,0,192,20.1
_二期_供水泵房_5#加压泵__温度_通道6_反馈,2025-02-28 02:53:34,0,192,20.1
_二期_供水泵房_5#加压泵__温度_通道6_反馈,2025-02-28 02:53:35,0,192,20.1
_二期_供水泵房_5#加压泵__温度_通道6_反馈,2025-02-28 02:53:36,0,192,20.1
_二期_供水泵房_5#加压泵__温度_通道6_反馈,2025-02-28 02:53:37,0,192,20.1
_二期_供水泵房_5#加压泵__温度_通道6_反馈,2025-02-28 02:53:38,0,192,20.1
_二期_供水泵房_5#加压泵__温度_通道6_反馈,2025-02-28 02:53:39,0,192,20.1
_二期_供水泵房_5#加压泵__温度_通道6_反馈,2025-02-28 02:53:40,0,192,20.1
_二期_供水泵房_5#加压泵__温度_通道6_反馈,2025-02-28 02:53:41,0,192,20.1
_二期_供水泵房_5#加压泵__温度_通道6_反馈,2025-02-28 02:53:42,0,192,20.1
_二期_供水泵房_5#加压泵__温度_通道6_反馈,2025-02-28 02:53:43,0,192,20.1
_二期_供水泵房_5#加压泵__温度_通道6_反馈,2025-02-28 02:53:44,0,192,20.1
_二期_供水泵房_5#加压泵__温度_通道6_反馈,2025-02-28 02:53:45,0,192,20.1
_二期_供水泵房_5#加压泵__温度_通道6_反馈,2025-02-28 02:53:46,0,192,20.1
_二期_供水泵房_5#加压泵__温度_通道6_反馈,2025-02-28 02:53:47,0,192,20.1
_二期_供水泵房_5#加压泵__温度_通道6_反馈,2025-02-28 02:53:48,0,192,20.1
_二期_供水泵房_5#加压泵__温度_通道6_反馈,2025-02-28 02:53:49,0,192,20.1
_二期_供水泵房_5#加压泵__温度_通道6_反馈,2025-02-28 02:53:50,0,192,20.1
_二期_供水泵房_5#加压泵__温度_通道6_反馈,2025-02-28 02:53:51,0,192,20.1
_二期_供水泵房_5#加压泵__温度_通道6_反馈,2025-02-28 02:53:52,0,192,20.1
_二期_供水泵房_5#加压泵__温度_通道6_反馈,2025-02-28 02:53:53,0,192,20.1
_二期_供水泵房_5#加压泵__温度_通道6_反馈,2025-02-28 02:53:54,0,192,20.1
_二期_供水泵房_5#加压泵__温度_通道6_反馈,2025-02-28 02:53:55,0,192,20.1
_二期_供水泵房_5#加压泵__温度_通道6_反馈,2025-02-28 02:53:56,0,192,20.1
_二期_供水泵房_5#加压泵__温度_通道6_反馈,2025-02-28 02:53:57,0,192,20.1
_二期_供水泵房_5#加压泵__温度_通道6_反馈,2025-02-28 02:53:58,0,192,20.1
_二期_供水泵房_5#加压泵__温度_通道6_反馈,2025-02-28 02:53:59,0,192,20.1
_二期_供水泵房_5#加压泵__温度_通道6_反馈,2025-02-28 02:54:00,0,192,20.1
_二期_供水泵房_5#加压泵__温度_通道6_反馈,2025-02-28 02:54:01,0,192,20.1
_二期_供水泵房_5#加压泵__温度_通道6_反馈,2025-02-28 02:54:02,0,192,20.1
_二期_供水泵房_5#加压泵__温度_通道6_反馈,2025-02-28 02:54:03,0,192,20.1
_二期_供水泵房_5#加压泵__温度_通道6_反馈,2025-02-28 02:54:04,0,192,20.1
_二期_供水泵房_5#加压泵__温度_通道6_反馈,2025-02-28 02:54:05,0,192,20.1
_二期_供水泵房_5#加压泵__温度_通道6_反馈,2025-02-28 02:54:06,0,192,20.1
_二期_供水泵房_5#加压泵__温度_通道6_反馈,2025-02-28 02:54:07,0,192,20.1
_二期_供水泵房_5#加压泵__温度_通道6_反馈,2025-02-28 02:54:08,0,192,20.1
_二期_供水泵房_5#加压泵__温度_通道6_反馈,2025-02-28 02:54:09,0,192,20.1
_二期_供水泵房_5#加压泵__温度_通道6_反馈,2025-02-28 02:54:10,0,192,20.1
_二期_供水泵房_5#加压泵__温度_通道6_反馈,2025-02-28 02:54:11,0,192,20.1
_二期_供水泵房_5#加压泵__温度_通道6_反馈,2025-02-28 02:54:12,0,192,20.1
_二期_供水泵房_5#加压泵__温度_通道6_反馈,2025-02-28 02:54:13,0,192,20.1
_二期_供水泵房_5#加压泵__温度_通道6_反馈,2025-02-28 02:54:14,0,192,20.1
_二期_供水泵房_5#加压泵__温度_通道6_反馈,2025-02-28 02:54:15,0,192,20.1
_二期_供水泵房_5#加压泵__温度_通道6_反馈,2025-02-28 02:54:16,0,192,20.1
_二期_供水泵房_5#加压泵__温度_通道6_反馈,2025-02-28 02:54:17,0,192,20.1
_二期_供水泵房_5#加压泵__温度_通道6_反馈,2025-02-28 02:54:18,0,192,20.1
_二期_供水泵房_5#加压泵__温度_通道6_反馈,2025-02-28 02:54:19,0,192,20.1
_二期_供水泵房_5#加压泵__温度_通道6_反馈,2025-02-28 02:54:20,0,192,20.1
_二期_供水泵房_5#加压泵__温度_通道6_反馈,2025-02-28 02:54:21,0,192,20.1
_二期_供水泵房_5#加压泵__温度_通道6_反馈,2025-02-28 02:54:22,0,192,20.1
_二期_供水泵房_5#加压泵__温度_通道6_反馈,2025-02-28 02:54:23,0,192,20.1
_二期_供水泵房_5#加压泵__温度_通道6_反馈,2025-02-28 02:54:24,0,192,20.1
_二期_供水泵房_5#加压泵__温度_通道6_反馈,2025-02-28 02:54:25,0,192,20.1
_二期_供水泵房_5#加压泵__温度_通道6_反馈,2025-02-28 02:54:26,0,192,20.1
_二期_供水泵房_5#加压泵__温度_通道6_反馈,2025-02-28 02:54:27,0,192,20.1
_二期_供水泵房_5#加压泵__温度_通道6_反馈,2025-02-28 02:54:28,0,192,20.1
_二期_供水泵房_5#加压泵__温度_通道6_反馈,2025-02-28 02:54:29,0,192,20.1
_二期_供水泵房_5#加压泵__温度_通道6_反馈,2025-02-28 02:54:30,0,192,20.1
_二期_供水泵房_5#加压泵__温度_通道6_反馈,2025-02-28 02:54:31,0,192,20.1
_二期_供水泵房_5#加压泵__温度_通道6_反馈,2025-02-28 02:54:32,0,192,20.1
_二期_供水泵房_5#加压泵__温度_通道6_反馈,2025-02-28 02:54:33,0,192,20.1
_二期_供水泵房_5#加压泵__温度_通道6_反馈,2025-02-28 02:54:34,0,192,20.1
_二期_供水泵房_5#加压泵__温度_通道6_反馈,2025-02-28 02:54:35,0,192,20.1
_二期_供水泵房_5#加压泵__温度_通道6_反馈,2025-02-28 02:54:36,0,192,20.1
_二期_供水泵房_5#加压泵__温度_通道6_反馈,2025-02-28 02:54:37,0,192,20.1
_二期_供水泵房_5#加压泵__温度_通道6_反馈,2025-02-28 02:54:38,0,192,20.1
_二期_供水泵房_5#加压泵__温度_通道6_反馈,2025-02-28 02:54:39,0,192,20.1
_二期_供水泵房_5#加压泵__温度_通道6_反馈,2025-02-28 02:54:40,0,192,20.1
_二期_供水泵房_5#加压泵__温度_通道6_反馈,2025-02-28 02:54:41,0,192,20.1
_二期_供水泵房_5#加压泵__温度_通道6_反馈,2025-02-28 02:54:42,0,192,20.1
_二期_供水泵房_5#加压泵__温度_通道6_反馈,2025-02-28 02:54:43,0,192,20.1
_二期_供水泵房_5#加压泵__温度_通道6_反馈,2025-02-28 02:54:44,0,192,20.1
_二期_供水泵房_5#加压泵__温度_通道6_反馈,2025-02-28 02:54:45,0,192,20.1
_二期_供水泵房_5#加压泵__温度_通道6_反馈,2025-02-28 02:54:46,0,192,20.1
_二期_供水泵房_5#加压泵__温度_通道6_反馈,2025-02-28 02:54:47,0,192,20.1
_二期_供水泵房_5#加压泵__温度_通道6_反馈,2025-02-28 02:54:48,0,192,20.1
_二期_供水泵房_5#加压泵__温度_通道6_反馈,2025-02-28 02:54:49,0,192,20.1
_二期_供水泵房_5#加压泵__温度_通道6_反馈,2025-02-28 02:54:50,0,192,20.1
_二期_供水泵房_5#加压泵__温度_通道6_反馈,2025-02-28 02:54:51,0,192,20.1
_二期_供水泵房_5#加压泵__温度_通道6_反馈,2025-02-28 02:54:52,0,192,20.1
_二期_供水泵房_5#加压泵__温度_通道6_反馈,2025-02-28 02:54:53,0,192,20.1
_二期_供水泵房_5#加压泵__温度_通道6_反馈,2025-02-28 02:54:54,0,192,20.1
_二期_供水泵房_5#加压泵__温度_通道6_反馈,2025-02-28 02:54:55,0,192,20.1
_二期_供水泵房_5#加压泵__温度_通道6_反馈,2025-02-28 02:54:56,0,192,20.1
_二期_供水泵房_5#加压泵__温度_通道6_反馈,2025-02-28 02:54:57,0,192,20.1
_二期_供水泵房_5#加压泵__温度_通道6_反馈,2025-02-28 02:54:58,0,192,20.1
_二期_供水泵房_5#加压泵__温度_通道6_反馈,2025-02-28 02:54:59,0,192,20.1
_二期_供水泵房_5#加压泵__温度_通道6_反馈,2025-02-28 02:55:00,0,192,20.1
_二期_供水泵房_5#加压泵__温度_通道6_反馈,2025-02-28 02:55:01,0,192,20.1
_二期_供水泵房_5#加压泵__温度_通道6_反馈,2025-02-28 02:55:02,0,192,20.1
_二期_供水泵房_5#加压泵__温度_通道6_反馈,2025-02-28 02:55:03,0,192,20.1
_二期_供水泵房_5#加压泵__温度_通道6_反馈,2025-02-28 02:55:04,0,192,20.1
_二期_供水泵房_5#加压泵__温度_通道6_反馈,2025-02-28 02:55:05,0,192,20.1
_二期_供水泵房_5#加压泵__温度_通道6_反馈,2025-02-28 02:55:06,0,192,20.1
_二期_供水泵房_5#加压泵__温度_通道6_反馈,2025-02-28 02:55:07,0,192,20.1
_二期_供水泵房_5#加压泵__温度_通道6_反馈,2025-02-28 02:55:08,0,192,20.1
_二期_供水泵房_5#加压泵__温度_通道6_反馈,2025-02-28 02:55:09,0,192,20.1
_二期_供水泵房_5#加压泵__温度_通道6_反馈,2025-02-28 02:55:10,0,192,20.1
_二期_供水泵房_5#加压泵__温度_通道6_反馈,2025-02-28 02:55:11,0,192,20.1
_二期_供水泵房_5#加压泵__温度_通道6_反馈,2025-02-28 02:55:12,0,192,20.1
_二期_供水泵房_5#加压泵__温度_通道6_反馈,2025-02-28 02:55:13,0,192,20.1
_二期_供水泵房_5#加压泵__温度_通道6_反馈,2025-02-28 02:55:14,0,192,20.1
_二期_供水泵房_5#加压泵__温度_通道6_反馈,2025-02-28 02:55:15,0,192,20.1
_二期_供水泵房_5#加压泵__温度_通道6_反馈,2025-02-28 02:55:16,0,192,20.1
_二期_供水泵房_5#加压泵__温度_通道6_反馈,2025-02-28 02:55:17,0,192,20.1
_二期_供水泵房_5#加压泵__温度_通道6_反馈,2025-02-28 02:55:18,0,192,20.1
_二期_供水泵房_5#加压泵__温度_通道6_反馈,2025-02-28 02:55:19,0,192,20.1
_二期_供水泵房_5#加压泵__温度_通道6_反馈,2025-02-28 02:55:20,0,192,20.1
_二期_供水泵房_5#加压泵__温度_通道6_反馈,2025-02-28 02:55:21,0,192,20.1
_二期_供水泵房_5#加压泵__温度_通道6_反馈,2025-02-28 02:55:22,0,192,20.1
_二期_供水泵房_5#加压泵__温度_通道6_反馈,2025-02-28 02:55:23,0,192,20.1
_二期_供水泵房_5#加压泵__温度_通道6_反馈,2025-02-28 02:55:24,0,192,20.1
_二期_供水泵房_5#加压泵__温度_通道6_反馈,2025-02-28 02:55:25,0,192,20.1
_二期_供水泵房_5#加压泵__温度_通道6_反馈,2025-02-28 02:55:26,0,192,20.1
_二期_供水泵房_5#加压泵__温度_通道6_反馈,2025-02-28 02:55:27,0,192,20.1
_二期_供水泵房_5#加压泵__温度_通道6_反馈,2025-02-28 02:55:28,0,192,20.1
_二期_供水泵房_5#加压泵__温度_通道6_反馈,2025-02-28 02:55:29,0,192,20.1
_二期_供水泵房_5#加压泵__温度_通道6_反馈,2025-02-28 02:55:30,0,192,20.1
_二期_供水泵房_5#加压泵__温度_通道6_反馈,2025-02-28 02:55:31,0,192,20.1
_二期_供水泵房_5#加压泵__温度_通道6_反馈,2025-02-28 02:55:32,0,192,20.1
_二期_供水泵房_5#加压泵__温度_通道6_反馈,2025-02-28 02:55:33,0,192,20.1
_二期_供水泵房_5#加压泵__温度_通道6_反馈,2025-02-28 02:55:34,0,192,20.1
_二期_供水泵房_5#加压泵__温度_通道6_反馈,2025-02-28 02:55:35,0,192,20.1
_二期_供水泵房_5#加压泵__温度_通道6_反馈,2025-02-28 02:55:36,0,192,20.1
_二期_供水泵房_5#加压泵__温度_通道6_反馈,2025-02-28 02:55:37,0,192,20.1
_二期_供水泵房_5#加压泵__温度_通道6_反馈,2025-02-28 02:55:38,0,192,20.1
_二期_供水泵房_5#加压泵__温度_通道6_反馈,2025-02-28 02:55:39,0,192,20.1
_二期_供水泵房_5#加压泵__温度_通道6_反馈,2025-02-28 02:55:40,0,192,20.1
_二期_供水泵房_5#加压泵__温度_通道6_反馈,2025-02-28 02:55:41,0,192,20.1
_二期_供水泵房_5#加压泵__温度_通道6_反馈,2025-02-28 02:55:42,0,192,20.1
_二期_供水泵房_5#加压泵__温度_通道6_反馈,2025-02-28 02:55:43,0,192,20.1
_二期_供水泵房_5#加压泵__温度_通道6_反馈,2025-02-28 02:55:44,0,192,20.1
_二期_供水泵房_5#加压泵__温度_通道6_反馈,2025-02-28 02:55:45,0,192,20.1
_二期_供水泵房_5#加压泵__温度_通道6_反馈,2025-02-28 02:55:46,0,192,20.1
_二期_供水泵房_5#加压泵__温度_通道6_反馈,2025-02-28 02:55:47,0,192,20.1
_二期_供水泵房_5#加压泵__温度_通道6_反馈,2025-02-28 02:55:48,0,192,20.1
_二期_供水泵房_5#加压泵__温度_通道6_反馈,2025-02-28 02:55:49,0,192,20.1
_二期_供水泵房_5#加压泵__温度_通道6_反馈,2025-02-28 02:55:50,0,192,20.1
_二期_供水泵房_5#加压泵__温度_通道6_反馈,2025-02-28 02:55:51,0,192,20.1
_二期_供水泵房_5#加压泵__温度_通道6_反馈,2025-02-28 02:55:52,0,192,20.1
_二期_供水泵房_5#加压泵__温度_通道6_反馈,2025-02-28 02:55:53,0,192,20.1
_二期_供水泵房_5#加压泵__温度_通道6_反馈,2025-02-28 02:55:54,0,192,20.1
_二期_供水泵房_5#加压泵__温度_通道6_反馈,2025-02-28 02:55:55,0,192,20.1
_二期_供水泵房_5#加压泵__温度_通道6_反馈,2025-02-28 02:55:56,0,192,20.1
_二期_供水泵房_5#加压泵__温度_通道6_反馈,2025-02-28 02:55:57,0,192,20.1
_二期_供水泵房_5#加压泵__温度_通道6_反馈,2025-02-28 02:55:58,0,192,20.1
_二期_供水泵房_5#加压泵__温度_通道6_反馈,2025-02-28 02:55:59,0,192,20.1
_二期_供水泵房_5#加压泵__温度_通道6_反馈,2025-02-28 02:56:00,0,192,20.1
_二期_供水泵房_5#加压泵__温度_通道6_反馈,2025-02-28 02:56:01,0,192,20.1
_二期_供水泵房_5#加压泵__温度_通道6_反馈,2025-02-28 02:56:02,0,192,20.1
_二期_供水泵房_5#加压泵__温度_通道6_反馈,2025-02-28 02:56:03,0,192,20.1
_二期_供水泵房_5#加压泵__温度_通道6_反馈,2025-02-28 02:56:04,0,192,20.1
_二期_供水泵房_5#加压泵__温度_通道6_反馈,2025-02-28 02:56:05,0,192,20.1
_二期_供水泵房_5#加压泵__温度_通道6_反馈,2025-02-28 02:56:06,0,192,20.1
_二期_供水泵房_5#加压泵__温度_通道6_反馈,2025-02-28 02:56:07,0,192,20.1
_二期_供水泵房_5#加压泵__温度_通道6_反馈,2025-02-28 02:56:08,0,192,20.1
_二期_供水泵房_5#加压泵__温度_通道6_反馈,2025-02-28 02:56:09,0,192,20.1
_二期_供水泵房_5#加压泵__温度_通道6_反馈,2025-02-28 02:56:10,0,192,20.1
_二期_供水泵房_5#加压泵__温度_通道6_反馈,2025-02-28 02:56:11,0,192,20.1
_二期_供水泵房_5#加压泵__温度_通道6_反馈,2025-02-28 02:56:12,0,192,20.1
_二期_供水泵房_5#加压泵__温度_通道6_反馈,2025-02-28 02:56:13,0,192,20.1
_二期_供水泵房_5#加压泵__温度_通道6_反馈,2025-02-28 02:56:14,0,192,20.1
_二期_供水泵房_5#加压泵__温度_通道6_反馈,2025-02-28 02:56:15,0,192,20.1
_二期_供水泵房_5#加压泵__温度_通道6_反馈,2025-02-28 02:56:16,0,192,20.1
_二期_供水泵房_5#加压泵__温度_通道6_反馈,2025-02-28 02:56:17,0,192,20.1
_二期_供水泵房_5#加压泵__温度_通道6_反馈,2025-02-28 02:56:18,0,192,20.1
_二期_供水泵房_5#加压泵__温度_通道6_反馈,2025-02-28 02:56:19,0,192,20.1
_二期_供水泵房_5#加压泵__温度_通道6_反馈,2025-02-28 02:56:20,0,192,20.1
_二期_供水泵房_5#加压泵__温度_通道6_反馈,2025-02-28 02:56:21,0,192,20.1
_二期_供水泵房_5#加压泵__温度_通道6_反馈,2025-02-28 02:56:22,0,192,20.1
_二期_供水泵房_5#加压泵__温度_通道6_反馈,2025-02-28 02:56:23,0,192,20.1
_二期_供水泵房_5#加压泵__温度_通道6_反馈,2025-02-28 02:56:24,0,192,20.1
_二期_供水泵房_5#加压泵__温度_通道6_反馈,2025-02-28 02:56:25,0,192,20.1
_二期_供水泵房_5#加压泵__温度_通道6_反馈,2025-02-28 02:56:26,0,192,20.1
_二期_供水泵房_5#加压泵__温度_通道6_反馈,2025-02-28 02:56:27,0,192,20.1
_二期_供水泵房_5#加压泵__温度_通道6_反馈,2025-02-28 02:56:28,0,192,20.1
_二期_供水泵房_5#加压泵__温度_通道6_反馈,2025-02-28 02:56:29,0,192,20.1
_二期_供水泵房_5#加压泵__温度_通道6_反馈,2025-02-28 02:56:30,0,192,20.1
_二期_供水泵房_5#加压泵__温度_通道6_反馈,2025-02-28 02:56:31,0,192,20.1
_二期_供水泵房_5#加压泵__温度_通道6_反馈,2025-02-28 02:56:32,0,192,20.1
_二期_供水泵房_5#加压泵__温度_通道6_反馈,2025-02-28 02:56:33,0,192,20.1
_二期_供水泵房_5#加压泵__温度_通道6_反馈,2025-02-28 02:56:34,0,192,20.1
_二期_供水泵房_5#加压泵__温度_通道6_反馈,2025-02-28 02:56:35,0,192,20.1
_二期_供水泵房_5#加压泵__温度_通道6_反馈,2025-02-28 02:56:36,0,192,20.1
_二期_供水泵房_5#加压泵__温度_通道6_反馈,2025-02-28 02:56:37,0,192,20.1
_二期_供水泵房_5#加压泵__温度_通道6_反馈,2025-02-28 02:56:38,0,192,20.1
_二期_供水泵房_5#加压泵__温度_通道6_反馈,2025-02-28 02:56:39,0,192,20.1
_二期_供水泵房_5#加压泵__温度_通道6_反馈,2025-02-28 02:56:40,0,192,20.1
_二期_供水泵房_5#加压泵__温度_通道6_反馈,2025-02-28 02:56:41,0,192,20.1
_二期_供水泵房_5#加压泵__温度_通道6_反馈,2025-02-28 02:56:42,0,192,20.1
_二期_供水泵房_5#加压泵__温度_通道6_反馈,2025-02-28 02:56:43,0,192,20.1
_二期_供水泵房_5#加压泵__温度_通道6_反馈,2025-02-28 02:56:44,0,192,20.1
_二期_供水泵房_5#加压泵__温度_通道6_反馈,2025-02-28 02:56:45,0,192,20.1
_二期_供水泵房_5#加压泵__温度_通道6_反馈,2025-02-28 02:56:46,0,192,20.1
_二期_供水泵房_5#加压泵__温度_通道6_反馈,2025-02-28 02:56:47,0,192,20.1
_二期_供水泵房_5#加压泵__温度_通道6_反馈,2025-02-28 02:56:48,0,192,20.1
_二期_供水泵房_5#加压泵__温度_通道6_反馈,2025-02-28 02:56:49,0,192,20.1
_二期_供水泵房_5#加压泵__温度_通道6_反馈,2025-02-28 02:56:50,0,192,20.1
_二期_供水泵房_5#加压泵__温度_通道6_反馈,2025-02-28 02:56:51,0,192,20.1
_二期_供水泵房_5#加压泵__温度_通道6_反馈,2025-02-28 02:56:52,0,192,20.1
_二期_供水泵房_5#加压泵__温度_通道6_反馈,2025-02-28 02:56:53,0,192,20.1
_二期_供水泵房_5#加压泵__温度_通道6_反馈,2025-02-28 02:56:54,0,192,20.1
_二期_供水泵房_5#加压泵__温度_通道6_反馈,2025-02-28 02:56:55,0,192,20.1
_二期_供水泵房_5#加压泵__温度_通道6_反馈,2025-02-28 02:56:56,0,192,20.1
_二期_供水泵房_5#加压泵__温度_通道6_反馈,2025-02-28 02:56:57,0,192,20.1
_二期_供水泵房_5#加压泵__温度_通道6_反馈,2025-02-28 02:56:58,0,192,20.1
_二期_供水泵房_5#加压泵__温度_通道6_反馈,2025-02-28 02:56:59,0,192,20.1
_二期_供水泵房_5#加压泵__温度_通道6_反馈,2025-02-28 02:57:00,0,192,20.1
_二期_供水泵房_5#加压泵__温度_通道6_反馈,2025-02-28 02:57:01,0,192,20.1
_二期_供水泵房_5#加压泵__温度_通道6_反馈,2025-02-28 02:57:02,0,192,20.1
_二期_供水泵房_5#加压泵__温度_通道6_反馈,2025-02-28 02:57:03,0,192,20.1
_二期_供水泵房_5#加压泵__温度_通道6_反馈,2025-02-28 02:57:04,0,192,20.1
_二期_供水泵房_5#加压泵__温度_通道6_反馈,2025-02-28 02:57:05,0,192,20.1
_二期_供水泵房_5#加压泵__温度_通道6_反馈,2025-02-28 02:57:06,0,192,20.1
_二期_供水泵房_5#加压泵__温度_通道6_反馈,2025-02-28 02:57:07,0,192,20.1
_二期_供水泵房_5#加压泵__温度_通道6_反馈,2025-02-28 02:57:08,0,192,20.1
_二期_供水泵房_5#加压泵__温度_通道6_反馈,2025-02-28 02:57:09,0,192,20.1
_二期_供水泵房_5#加压泵__温度_通道6_反馈,2025-02-28 02:57:10,0,192,20.1
_二期_供水泵房_5#加压泵__温度_通道6_反馈,2025-02-28 02:57:11,0,192,20.1
_二期_供水泵房_5#加压泵__温度_通道6_反馈,2025-02-28 02:57:12,0,192,20.1
_二期_供水泵房_5#加压泵__温度_通道6_反馈,2025-02-28 02:57:13,0,192,20.1
_二期_供水泵房_5#加压泵__温度_通道6_反馈,2025-02-28 02:57:14,0,192,20.1
_二期_供水泵房_5#加压泵__温度_通道6_反馈,2025-02-28 02:57:15,0,192,20.1
_二期_供水泵房_5#加压泵__温度_通道6_反馈,2025-02-28 02:57:16,0,192,20.1
_二期_供水泵房_5#加压泵__温度_通道6_反馈,2025-02-28 02:57:17,0,192,20.1
_二期_供水泵房_5#加压泵__温度_通道6_反馈,2025-02-28 02:57:18,0,192,20.1
_二期_供水泵房_5#加压泵__温度_通道6_反馈,2025-02-28 02:57:19,0,192,20.1
_二期_供水泵房_5#加压泵__温度_通道6_反馈,2025-02-28 02:57:20,0,192,20.1
_二期_供水泵房_5#加压泵__温度_通道6_反馈,2025-02-28 02:57:21,0,192,20.1
_二期_供水泵房_5#加压泵__温度_通道6_反馈,2025-02-28 02:57:22,0,192,20.1
_二期_供水泵房_5#加压泵__温度_通道6_反馈,2025-02-28 02:57:23,0,192,20.1
_二期_供水泵房_5#加压泵__温度_通道6_反馈,2025-02-28 02:57:24,0,192,20.1
_二期_供水泵房_5#加压泵__温度_通道6_反馈,2025-02-28 02:57:25,0,192,20.1
_二期_供水泵房_5#加压泵__温度_通道6_反馈,2025-02-28 02:57:26,0,192,20.1
_二期_供水泵房_5#加压泵__温度_通道6_反馈,2025-02-28 02:57:27,0,192,20.1
_二期_供水泵房_5#加压泵__温度_通道6_反馈,2025-02-28 02:57:28,0,192,20.1
_二期_供水泵房_5#加压泵__温度_通道6_反馈,2025-02-28 02:57:29,0,192,20.1
_二期_供水泵房_5#加压泵__温度_通道6_反馈,2025-02-28 02:57:30,0,192,20.1
_二期_供水泵房_5#加压泵__温度_通道6_反馈,2025-02-28 02:57:31,0,192,20.1
_二期_供水泵房_5#加压泵__温度_通道6_反馈,2025-02-28 02:57:32,0,192,20.1
_二期_供水泵房_5#加压泵__温度_通道6_反馈,2025-02-28 02:57:33,0,192,20.1
_二期_供水泵房_5#加压泵__温度_通道6_反馈,2025-02-28 02:57:34,0,192,20.1
_二期_供水泵房_5#加压泵__温度_通道6_反馈,2025-02-28 02:57:35,0,192,20.1
_二期_供水泵房_5#加压泵__温度_通道6_反馈,2025-02-28 02:57:36,0,192,20.1
_二期_供水泵房_5#加压泵__温度_通道6_反馈,2025-02-28 02:57:37,0,192,20.1
_二期_供水泵房_5#加压泵__温度_通道6_反馈,2025-02-28 02:57:38,0,192,20.1
_二期_供水泵房_5#加压泵__温度_通道6_反馈,2025-02-28 02:57:39,0,192,20.1
_二期_供水泵房_5#加压泵__温度_通道6_反馈,2025-02-28 02:57:40,0,192,20.1
_二期_供水泵房_5#加压泵__温度_通道6_反馈,2025-02-28 02:57:41,0,192,20.1
_二期_供水泵房_5#加压泵__温度_通道6_反馈,2025-02-28 02:57:42,0,192,20.1
_二期_供水泵房_5#加压泵__温度_通道6_反馈,2025-02-28 02:57:43,0,192,20.1
_二期_供水泵房_5#加压泵__温度_通道6_反馈,2025-02-28 02:57:44,0,192,20.1
_二期_供水泵房_5#加压泵__温度_通道6_反馈,2025-02-28 02:57:45,0,192,20.1
_二期_供水泵房_5#加压泵__温度_通道6_反馈,2025-02-28 02:57:46,0,192,20.1
_二期_供水泵房_5#加压泵__温度_通道6_反馈,2025-02-28 02:57:47,0,192,20.1
_二期_供水泵房_5#加压泵__温度_通道6_反馈,2025-02-28 02:57:48,0,192,20.1
_二期_供水泵房_5#加压泵__温度_通道6_反馈,2025-02-28 02:57:49,0,192,20.1
_二期_供水泵房_5#加压泵__温度_通道6_反馈,2025-02-28 02:57:50,0,192,20.1
_二期_供水泵房_5#加压泵__温度_通道6_反馈,2025-02-28 02:57:51,0,192,20.1
_二期_供水泵房_5#加压泵__温度_通道6_反馈,2025-02-28 02:57:52,0,192,20.1
_二期_供水泵房_5#加压泵__温度_通道6_反馈,2025-02-28 02:57:53,0,192,20.1
_二期_供水泵房_5#加压泵__温度_通道6_反馈,2025-02-28 02:57:54,0,192,20.1
_二期_供水泵房_5#加压泵__温度_通道6_反馈,2025-02-28 02:57:55,0,192,20.1
_二期_供水泵房_5#加压泵__温度_通道6_反馈,2025-02-28 02:57:56,0,192,20.1
_二期_供水泵房_5#加压泵__温度_通道6_反馈,2025-02-28 02:57:57,0,192,20.1
_二期_供水泵房_5#加压泵__温度_通道6_反馈,2025-02-28 02:57:58,0,192,20.1
_二期_供水泵房_5#加压泵__温度_通道6_反馈,2025-02-28 02:57:59,0,192,20.1
_二期_供水泵房_5#加压泵__温度_通道6_反馈,2025-02-28 02:58:00,0,192,20.1
_二期_供水泵房_5#加压泵__温度_通道6_反馈,2025-02-28 02:58:01,0,192,20.1
_二期_供水泵房_5#加压泵__温度_通道6_反馈,2025-02-28 02:58:02,0,192,20.1
_二期_供水泵房_5#加压泵__温度_通道6_反馈,2025-02-28 02:58:03,0,192,20.1
_二期_供水泵房_5#加压泵__温度_通道6_反馈,2025-02-28 02:58:04,0,192,20.1
_二期_供水泵房_5#加压泵__温度_通道6_反馈,2025-02-28 02:58:05,0,192,20.1
_二期_供水泵房_5#加压泵__温度_通道6_反馈,2025-02-28 02:58:06,0,192,20.1
_二期_供水泵房_5#加压泵__温度_通道6_反馈,2025-02-28 02:58:07,0,192,20.1
_二期_供水泵房_5#加压泵__温度_通道6_反馈,2025-02-28 02:58:08,0,192,20.1
_二期_供水泵房_5#加压泵__温度_通道6_反馈,2025-02-28 02:58:09,0,192,20.1
_二期_供水泵房_5#加压泵__温度_通道6_反馈,2025-02-28 02:58:10,0,192,20.1
_二期_供水泵房_5#加压泵__温度_通道6_反馈,2025-02-28 02:58:11,0,192,20.1
_二期_供水泵房_5#加压泵__温度_通道6_反馈,2025-02-28 02:58:12,0,192,20.1
_二期_供水泵房_5#加压泵__温度_通道6_反馈,2025-02-28 02:58:13,0,192,20.1
_二期_供水泵房_5#加压泵__温度_通道6_反馈,2025-02-28 02:58:14,0,192,20.1
_二期_供水泵房_5#加压泵__温度_通道6_反馈,2025-02-28 02:58:15,0,192,20.1
_二期_供水泵房_5#加压泵__温度_通道6_反馈,2025-02-28 02:58:16,0,192,20.1
_二期_供水泵房_5#加压泵__温度_通道6_反馈,2025-02-28 02:58:17,0,192,20.1
_二期_供水泵房_5#加压泵__温度_通道6_反馈,2025-02-28 02:58:18,0,192,20.1
_二期_供水泵房_5#加压泵__温度_通道6_反馈,2025-02-28 02:58:19,0,192,20.1
_二期_供水泵房_5#加压泵__温度_通道6_反馈,2025-02-28 02:58:20,0,192,20.1
_二期_供水泵房_5#加压泵__温度_通道6_反馈,2025-02-28 02:58:21,0,192,20.1
_二期_供水泵房_5#加压泵__温度_通道6_反馈,2025-02-28 02:58:22,0,192,20.1
_二期_供水泵房_5#加压泵__温度_通道6_反馈,2025-02-28 02:58:23,0,192,20.1
_二期_供水泵房_5#加压泵__温度_通道6_反馈,2025-02-28 02:58:24,0,192,20.1
_二期_供水泵房_5#加压泵__温度_通道6_反馈,2025-02-28 02:58:25,0,192,20.1
_二期_供水泵房_5#加压泵__温度_通道6_反馈,2025-02-28 02:58:26,0,192,20.1
_二期_供水泵房_5#加压泵__温度_通道6_反馈,2025-02-28 02:58:27,0,192,20.1
_二期_供水泵房_5#加压泵__温度_通道6_反馈,2025-02-28 02:58:28,0,192,20.1
_二期_供水泵房_5#加压泵__温度_通道6_反馈,2025-02-28 02:58:29,0,192,20.1
_二期_供水泵房_5#加压泵__温度_通道6_反馈,2025-02-28 02:58:30,0,192,20.1
_二期_供水泵房_5#加压泵__温度_通道6_反馈,2025-02-28 02:58:31,0,192,20.1
_二期_供水泵房_5#加压泵__温度_通道6_反馈,2025-02-28 02:58:32,0,192,20.1
_二期_供水泵房_5#加压泵__温度_通道6_反馈,2025-02-28 02:58:33,0,192,20.1
_二期_供水泵房_5#加压泵__温度_通道6_反馈,2025-02-28 02:58:34,0,192,20.1
_二期_供水泵房_5#加压泵__温度_通道6_反馈,2025-02-28 02:58:35,0,192,20.1
_二期_供水泵房_5#加压泵__温度_通道6_反馈,2025-02-28 02:58:36,0,192,20.1
_二期_供水泵房_5#加压泵__温度_通道6_反馈,2025-02-28 02:58:37,0,192,20.1
_二期_供水泵房_5#加压泵__温度_通道6_反馈,2025-02-28 02:58:38,0,192,20.1
_二期_供水泵房_5#加压泵__温度_通道6_反馈,2025-02-28 02:58:39,0,192,20.1
_二期_供水泵房_5#加压泵__温度_通道6_反馈,2025-02-28 02:58:40,0,192,20.1
_二期_供水泵房_5#加压泵__温度_通道6_反馈,2025-02-28 02:58:41,0,192,20.1
_二期_供水泵房_5#加压泵__温度_通道6_反馈,2025-02-28 02:58:42,0,192,20.1
_二期_供水泵房_5#加压泵__温度_通道6_反馈,2025-02-28 02:58:43,0,192,20.1
_二期_供水泵房_5#加压泵__温度_通道6_反馈,2025-02-28 02:58:44,0,192,20.1
_二期_供水泵房_5#加压泵__温度_通道6_反馈,2025-02-28 02:58:45,0,192,20.1
_二期_供水泵房_5#加压泵__温度_通道6_反馈,2025-02-28 02:58:46,0,192,20.1
_二期_供水泵房_5#加压泵__温度_通道6_反馈,2025-02-28 02:58:47,0,192,20.1
_二期_供水泵房_5#加压泵__温度_通道6_反馈,2025-02-28 02:58:48,0,192,20.1
_二期_供水泵房_5#加压泵__温度_通道6_反馈,2025-02-28 02:58:49,0,192,20.1
_二期_供水泵房_5#加压泵__温度_通道6_反馈,2025-02-28 02:58:50,0,192,20.1
_二期_供水泵房_5#加压泵__温度_通道6_反馈,2025-02-28 02:58:51,0,192,20.1
_二期_供水泵房_5#加压泵__温度_通道6_反馈,2025-02-28 02:58:52,0,192,20.1
_二期_供水泵房_5#加压泵__温度_通道6_反馈,2025-02-28 02:58:53,0,192,20.1
_二期_供水泵房_5#加压泵__温度_通道6_反馈,2025-02-28 02:58:54,0,192,20.1
_二期_供水泵房_5#加压泵__温度_通道6_反馈,2025-02-28 02:58:55,0,192,20.1
_二期_供水泵房_5#加压泵__温度_通道6_反馈,2025-02-28 02:58:56,0,192,20.1
_二期_供水泵房_5#加压泵__温度_通道6_反馈,2025-02-28 02:58:57,0,192,20.1
_二期_供水泵房_5#加压泵__温度_通道6_反馈,2025-02-28 02:58:58,0,192,20.1
_二期_供水泵房_5#加压泵__温度_通道6_反馈,2025-02-28 02:58:59,0,192,20.1
_二期_供水泵房_5#加压泵__温度_通道6_反馈,2025-02-28 02:59:00,0,192,20.1
_二期_供水泵房_5#加压泵__温度_通道6_反馈,2025-02-28 02:59:01,0,192,20.1
_二期_供水泵房_5#加压泵__温度_通道6_反馈,2025-02-28 02:59:02,0,192,20.1
_二期_供水泵房_5#加压泵__温度_通道6_反馈,2025-02-28 02:59:03,0,192,20.1
_二期_供水泵房_5#加压泵__温度_通道6_反馈,2025-02-28 02:59:04,0,192,20.1
_二期_供水泵房_5#加压泵__温度_通道6_反馈,2025-02-28 02:59:05,0,192,20.1
_二期_供水泵房_5#加压泵__温度_通道6_反馈,2025-02-28 02:59:06,0,192,20.1
_二期_供水泵房_5#加压泵__温度_通道6_反馈,2025-02-28 02:59:07,0,192,20.1
_二期_供水泵房_5#加压泵__温度_通道6_反馈,2025-02-28 02:59:08,0,192,20.1
_二期_供水泵房_5#加压泵__温度_通道6_反馈,2025-02-28 02:59:09,0,192,20.1
_二期_供水泵房_5#加压泵__温度_通道6_反馈,2025-02-28 02:59:10,0,192,20.1
_二期_供水泵房_5#加压泵__温度_通道6_反馈,2025-02-28 02:59:11,0,192,20.1
_二期_供水泵房_5#加压泵__温度_通道6_反馈,2025-02-28 02:59:12,0,192,20.1
_二期_供水泵房_5#加压泵__温度_通道6_反馈,2025-02-28 02:59:13,0,192,20.1
_二期_供水泵房_5#加压泵__温度_通道6_反馈,2025-02-28 02:59:14,0,192,20.1
_二期_供水泵房_5#加压泵__温度_通道6_反馈,2025-02-28 02:59:15,0,192,20.1
_二期_供水泵房_5#加压泵__温度_通道6_反馈,2025-02-28 02:59:16,0,192,20.1
_二期_供水泵房_5#加压泵__温度_通道6_反馈,2025-02-28 02:59:17,0,192,20.1
_二期_供水泵房_5#加压泵__温度_通道6_反馈,2025-02-28 02:59:18,0,192,20.1
_二期_供水泵房_5#加压泵__温度_通道6_反馈,2025-02-28 02:59:19,0,192,20.1
_二期_供水泵房_5#加压泵__温度_通道6_反馈,2025-02-28 02:59:20,0,192,20.1
_二期_供水泵房_5#加压泵__温度_通道6_反馈,2025-02-28 02:59:21,0,192,20.1
_二期_供水泵房_5#加压泵__温度_通道6_反馈,2025-02-28 02:59:22,0,192,20.1
_二期_供水泵房_5#加压泵__温度_通道6_反馈,2025-02-28 02:59:23,0,192,20.1
_二期_供水泵房_5#加压泵__温度_通道6_反馈,2025-02-28 02:59:24,0,192,20.1
_二期_供水泵房_5#加压泵__温度_通道6_反馈,2025-02-28 02:59:25,0,192,20.1
_二期_供水泵房_5#加压泵__温度_通道6_反馈,2025-02-28 02:59:26,0,192,20.1
_二期_供水泵房_5#加压泵__温度_通道6_反馈,2025-02-28 02:59:27,0,192,20.1
_二期_供水泵房_5#加压泵__温度_通道6_反馈,2025-02-28 02:59:28,0,192,20.1
_二期_供水泵房_5#加压泵__温度_通道6_反馈,2025-02-28 02:59:29,0,192,20.1
_二期_供水泵房_5#加压泵__温度_通道6_反馈,2025-02-28 02:59:30,0,192,20.1
_二期_供水泵房_5#加压泵__温度_通道6_反馈,2025-02-28 02:59:31,0,192,20.1
_二期_供水泵房_5#加压泵__温度_通道6_反馈,2025-02-28 02:59:32,0,192,20.1
_二期_供水泵房_5#加压泵__温度_通道6_反馈,2025-02-28 02:59:33,0,192,20.1
_二期_供水泵房_5#加压泵__温度_通道6_反馈,2025-02-28 02:59:34,0,192,20.1
_二期_供水泵房_5#加压泵__温度_通道6_反馈,2025-02-28 02:59:35,0,192,20.1
_二期_供水泵房_5#加压泵__温度_通道6_反馈,2025-02-28 02:59:36,0,192,20.1
_二期_供水泵房_5#加压泵__温度_通道6_反馈,2025-02-28 02:59:37,0,192,20.1
_二期_供水泵房_5#加压泵__温度_通道6_反馈,2025-02-28 02:59:38,0,192,20.1
_二期_供水泵房_5#加压泵__温度_通道6_反馈,2025-02-28 02:59:39,0,192,20.1
_二期_供水泵房_5#加压泵__温度_通道6_反馈,2025-02-28 02:59:40,0,192,20.1
_二期_供水泵房_5#加压泵__温度_通道6_反馈,2025-02-28 02:59:41,0,192,20.1
_二期_供水泵房_5#加压泵__温度_通道6_反馈,2025-02-28 02:59:42,0,192,20.1
_二期_供水泵房_5#加压泵__温度_通道6_反馈,2025-02-28 02:59:43,0,192,20.1
_二期_供水泵房_5#加压泵__温度_通道6_反馈,2025-02-28 02:59:44,0,192,20.1
_二期_供水泵房_5#加压泵__温度_通道6_反馈,2025-02-28 02:59:45,0,192,20.1
_二期_供水泵房_5#加压泵__温度_通道6_反馈,2025-02-28 02:59:46,0,192,20.1
_二期_供水泵房_5#加压泵__温度_通道6_反馈,2025-02-28 02:59:47,0,192,20.1
_二期_供水泵房_5#加压泵__温度_通道6_反馈,2025-02-28 02:59:48,0,192,20.1
_二期_供水泵房_5#加压泵__温度_通道6_反馈,2025-02-28 02:59:49,0,192,20.1
_二期_供水泵房_5#加压泵__温度_通道6_反馈,2025-02-28 02:59:50,0,192,20.1
_二期_供水泵房_5#加压泵__温度_通道6_反馈,2025-02-28 02:59:51,0,192,20.1
_二期_供水泵房_5#加压泵__温度_通道6_反馈,2025-02-28 02:59:52,0,192,20.1
_二期_供水泵房_5#加压泵__温度_通道6_反馈,2025-02-28 02:59:53,0,192,20.1
_二期_供水泵房_5#加压泵__温度_通道6_反馈,2025-02-28 02:59:54,0,192,20.1
_二期_供水泵房_5#加压泵__温度_通道6_反馈,2025-02-28 02:59:55,0,192,20.1
_二期_供水泵房_5#加压泵__温度_通道6_反馈,2025-02-28 02:59:56,0,192,20.1
_二期_供水泵房_5#加压泵__温度_通道6_反馈,2025-02-28 02:59:57,0,192,20.1
_二期_供水泵房_5#加压泵__温度_通道6_反馈,2025-02-28 02:59:58,0,192,20.1
_二期_供水泵房_5#加压泵__温度_通道6_反馈,2025-02-28 02:59:59,0,192,20.1
_二期_供水泵房_5#加压泵__温度_通道6_反馈,2025-02-28 03:00:00,0,192,20.1
_二期_供水泵房_5#加压泵__温度_通道6_反馈,2025-02-28 03:00:01,0,192,20.1
_二期_供水泵房_5#加压泵__温度_通道6_反馈,2025-02-28 03:00:02,0,192,20.1
_二期_供水泵房_5#加压泵__温度_通道6_反馈,2025-02-28 03:00:03,0,192,20.1
_二期_供水泵房_5#加压泵__温度_通道6_反馈,2025-02-28 03:00:04,0,192,20.1
_二期_供水泵房_5#加压泵__温度_通道6_反馈,2025-02-28 03:00:05,0,192,20.1
_二期_供水泵房_5#加压泵__温度_通道6_反馈,2025-02-28 03:00:06,0,192,20.1
_二期_供水泵房_5#加压泵__温度_通道6_反馈,2025-02-28 03:00:07,0,192,20.1
_二期_供水泵房_5#加压泵__温度_通道6_反馈,2025-02-28 03:00:08,0,192,20.1
_二期_供水泵房_5#加压泵__温度_通道6_反馈,2025-02-28 03:00:09,0,192,20.1
_二期_供水泵房_5#加压泵__温度_通道6_反馈,2025-02-28 03:00:10,0,192,20.1
_二期_供水泵房_5#加压泵__温度_通道6_反馈,2025-02-28 03:00:11,0,192,20.1
_二期_供水泵房_5#加压泵__温度_通道6_反馈,2025-02-28 03:00:12,0,192,20.1
_二期_供水泵房_5#加压泵__温度_通道6_反馈,2025-02-28 03:00:13,0,192,20.1
_二期_供水泵房_5#加压泵__温度_通道6_反馈,2025-02-28 03:00:14,0,192,20.1
_二期_供水泵房_5#加压泵__温度_通道6_反馈,2025-02-28 03:00:15,0,192,20.1
_二期_供水泵房_5#加压泵__温度_通道6_反馈,2025-02-28 03:00:16,0,192,20.1
_二期_供水泵房_5#加压泵__温度_通道6_反馈,2025-02-28 03:00:17,0,192,20.1
_二期_供水泵房_5#加压泵__温度_通道6_反馈,2025-02-28 03:00:18,0,192,20.1
_二期_供水泵房_5#加压泵__温度_通道6_反馈,2025-02-28 03:00:19,0,192,20.1
_二期_供水泵房_5#加压泵__温度_通道6_反馈,2025-02-28 03:00:20,0,192,20.1
_二期_供水泵房_5#加压泵__温度_通道6_反馈,2025-02-28 03:00:21,0,192,20.1
_二期_供水泵房_5#加压泵__温度_通道6_反馈,2025-02-28 03:00:22,0,192,20.1
_二期_供水泵房_5#加压泵__温度_通道6_反馈,2025-02-28 03:00:23,0,192,20.1
_二期_供水泵房_5#加压泵__温度_通道6_反馈,2025-02-28 03:00:24,0,192,20.1
_二期_供水泵房_5#加压泵__温度_通道6_反馈,2025-02-28 03:00:25,0,192,20.1
_二期_供水泵房_5#加压泵__温度_通道6_反馈,2025-02-28 03:00:26,0,192,20.1
_二期_供水泵房_5#加压泵__温度_通道6_反馈,2025-02-28 03:00:27,0,192,20.1
_二期_供水泵房_5#加压泵__温度_通道6_反馈,2025-02-28 03:00:28,0,192,20.1
_二期_供水泵房_5#加压泵__温度_通道6_反馈,2025-02-28 03:00:29,0,192,20.1
_二期_供水泵房_5#加压泵__温度_通道6_反馈,2025-02-28 03:00:30,0,192,20.1
_二期_供水泵房_5#加压泵__温度_通道6_反馈,2025-02-28 03:00:31,0,192,20.1
_二期_供水泵房_5#加压泵__温度_通道6_反馈,2025-02-28 03:00:32,0,192,20.1
_二期_供水泵房_5#加压泵__温度_通道6_反馈,2025-02-28 03:00:33,0,192,20.1
_二期_供水泵房_5#加压泵__温度_通道6_反馈,2025-02-28 03:00:34,0,192,20.1
_二期_供水泵房_5#加压泵__温度_通道6_反馈,2025-02-28 03:00:35,0,192,20.1
_二期_供水泵房_5#加压泵__温度_通道6_反馈,2025-02-28 03:00:36,0,192,20.1
_二期_供水泵房_5#加压泵__温度_通道6_反馈,2025-02-28 03:00:37,0,192,20.1
_二期_供水泵房_5#加压泵__温度_通道6_反馈,2025-02-28 03:00:38,0,192,20.1
_二期_供水泵房_5#加压泵__温度_通道6_反馈,2025-02-28 03:00:39,0,192,20.1
_二期_供水泵房_5#加压泵__温度_通道6_反馈,2025-02-28 03:00:40,0,192,20.1
_二期_供水泵房_5#加压泵__温度_通道6_反馈,2025-02-28 03:00:41,0,192,20.1
_二期_供水泵房_5#加压泵__温度_通道6_反馈,2025-02-28 03:00:42,0,192,20.1
_二期_供水泵房_5#加压泵__温度_通道6_反馈,2025-02-28 03:00:43,0,192,20.1
_二期_供水泵房_5#加压泵__温度_通道6_反馈,2025-02-28 03:00:44,0,192,20.1
_二期_供水泵房_5#加压泵__温度_通道6_反馈,2025-02-28 03:00:45,0,192,20.1
_二期_供水泵房_5#加压泵__温度_通道6_反馈,2025-02-28 03:00:46,0,192,20.1
_二期_供水泵房_5#加压泵__温度_通道6_反馈,2025-02-28 03:00:47,0,192,20.1
_二期_供水泵房_5#加压泵__温度_通道6_反馈,2025-02-28 03:00:48,0,192,20.1
_二期_供水泵房_5#加压泵__温度_通道6_反馈,2025-02-28 03:00:49,0,192,20.1
_二期_供水泵房_5#加压泵__温度_通道6_反馈,2025-02-28 03:00:50,0,192,20.1
_二期_供水泵房_5#加压泵__温度_通道6_反馈,2025-02-28 03:00:51,0,192,20.1
_二期_供水泵房_5#加压泵__温度_通道6_反馈,2025-02-28 03:00:52,0,192,20.1
_二期_供水泵房_5#加压泵__温度_通道6_反馈,2025-02-28 03:00:53,0,192,20.1
_二期_供水泵房_5#加压泵__温度_通道6_反馈,2025-02-28 03:00:54,0,192,20.1
_二期_供水泵房_5#加压泵__温度_通道6_反馈,2025-02-28 03:00:55,0,192,20.1
_二期_供水泵房_5#加压泵__温度_通道6_反馈,2025-02-28 03:00:56,0,192,20.1
_二期_供水泵房_5#加压泵__温度_通道6_反馈,2025-02-28 03:00:57,0,192,20.1
_二期_供水泵房_5#加压泵__温度_通道6_反馈,2025-02-28 03:00:58,0,192,20.1
_二期_供水泵房_5#加压泵__温度_通道6_反馈,2025-02-28 03:00:59,0,192,20.1
_二期_供水泵房_5#加压泵__温度_通道6_反馈,2025-02-28 03:01:00,0,192,20.1
_二期_供水泵房_5#加压泵__温度_通道6_反馈,2025-02-28 03:01:01,0,192,20.1
_二期_供水泵房_5#加压泵__温度_通道6_反馈,2025-02-28 03:01:02,0,192,20.1
_二期_供水泵房_5#加压泵__温度_通道6_反馈,2025-02-28 03:01:03,0,192,20.1
_二期_供水泵房_5#加压泵__温度_通道6_反馈,2025-02-28 03:01:04,0,192,20.1
_二期_供水泵房_5#加压泵__温度_通道6_反馈,2025-02-28 03:01:05,0,192,20.1
_二期_供水泵房_5#加压泵__温度_通道6_反馈,2025-02-28 03:01:06,0,192,20.1
_二期_供水泵房_5#加压泵__温度_通道6_反馈,2025-02-28 03:01:07,0,192,20.1
_二期_供水泵房_5#加压泵__温度_通道6_反馈,2025-02-28 03:01:08,0,192,20.1
_二期_供水泵房_5#加压泵__温度_通道6_反馈,2025-02-28 03:01:09,0,192,20.1
_二期_供水泵房_5#加压泵__温度_通道6_反馈,2025-02-28 03:01:10,0,192,20.1
_二期_供水泵房_5#加压泵__温度_通道6_反馈,2025-02-28 03:01:11,0,192,20.1
_二期_供水泵房_5#加压泵__温度_通道6_反馈,2025-02-28 03:01:12,0,192,20.1
_二期_供水泵房_5#加压泵__温度_通道6_反馈,2025-02-28 03:01:13,0,192,20.1
_二期_供水泵房_5#加压泵__温度_通道6_反馈,2025-02-28 03:01:14,0,192,20.1
_二期_供水泵房_5#加压泵__温度_通道6_反馈,2025-02-28 03:01:15,0,192,20.1
_二期_供水泵房_5#加压泵__温度_通道6_反馈,2025-02-28 03:01:16,0,192,20.1
_二期_供水泵房_5#加压泵__温度_通道6_反馈,2025-02-28 03:01:17,0,192,20.1
_二期_供水泵房_5#加压泵__温度_通道6_反馈,2025-02-28 03:01:18,0,192,20.1
_二期_供水泵房_5#加压泵__温度_通道6_反馈,2025-02-28 03:01:19,0,192,20.1
_二期_供水泵房_5#加压泵__温度_通道6_反馈,2025-02-28 03:01:20,0,192,20.1
_二期_供水泵房_5#加压泵__温度_通道6_反馈,2025-02-28 03:01:21,0,192,20.1
_二期_供水泵房_5#加压泵__温度_通道6_反馈,2025-02-28 03:01:22,0,192,20.1
_二期_供水泵房_5#加压泵__温度_通道6_反馈,2025-02-28 03:01:23,0,192,20.1
_二期_供水泵房_5#加压泵__温度_通道6_反馈,2025-02-28 03:01:24,0,192,20.1
_二期_供水泵房_5#加压泵__温度_通道6_反馈,2025-02-28 03:01:25,0,192,20.1
_二期_供水泵房_5#加压泵__温度_通道6_反馈,2025-02-28 03:01:26,0,192,20.1
_二期_供水泵房_5#加压泵__温度_通道6_反馈,2025-02-28 03:01:27,0,192,20.1
_二期_供水泵房_5#加压泵__温度_通道6_反馈,2025-02-28 03:01:28,0,192,20.1
_二期_供水泵房_5#加压泵__温度_通道6_反馈,2025-02-28 03:01:29,0,192,20.1
_二期_供水泵房_5#加压泵__温度_通道6_反馈,2025-02-28 03:01:30,0,192,20.1
_二期_供水泵房_5#加压泵__温度_通道6_反馈,2025-02-28 03:01:31,0,192,20.1
_二期_供水泵房_5#加压泵__温度_通道6_反馈,2025-02-28 03:01:32,0,192,20.1
_二期_供水泵房_5#加压泵__温度_通道6_反馈,2025-02-28 03:01:33,0,192,20.1
_二期_供水泵房_5#加压泵__温度_通道6_反馈,2025-02-28 03:01:34,0,192,20.1
_二期_供水泵房_5#加压泵__温度_通道6_反馈,2025-02-28 03:01:35,0,192,20.1
_二期_供水泵房_5#加压泵__温度_通道6_反馈,2025-02-28 03:01:36,0,192,20.1
_二期_供水泵房_5#加压泵__温度_通道6_反馈,2025-02-28 03:01:37,0,192,20.1
_二期_供水泵房_5#加压泵__温度_通道6_反馈,2025-02-28 03:01:38,0,192,20.1
_二期_供水泵房_5#加压泵__温度_通道6_反馈,2025-02-28 03:01:39,0,192,20.1
_二期_供水泵房_5#加压泵__温度_通道6_反馈,2025-02-28 03:01:40,0,192,20.1
_二期_供水泵房_5#加压泵__温度_通道6_反馈,2025-02-28 03:01:41,0,192,20.1
_二期_供水泵房_5#加压泵__温度_通道6_反馈,2025-02-28 03:01:42,0,192,20.1
_二期_供水泵房_5#加压泵__温度_通道6_反馈,2025-02-28 03:01:43,0,192,20.1
_二期_供水泵房_5#加压泵__温度_通道6_反馈,2025-02-28 03:01:44,0,192,20.1
_二期_供水泵房_5#加压泵__温度_通道6_反馈,2025-02-28 03:01:45,0,192,20.1
_二期_供水泵房_5#加压泵__温度_通道6_反馈,2025-02-28 03:01:46,0,192,20.1
_二期_供水泵房_5#加压泵__温度_通道6_反馈,2025-02-28 03:01:47,0,192,20.1
_二期_供水泵房_5#加压泵__温度_通道6_反馈,2025-02-28 03:01:48,0,192,20.1
_二期_供水泵房_5#加压泵__温度_通道6_反馈,2025-02-28 03:01:49,0,192,20.1
_二期_供水泵房_5#加压泵__温度_通道6_反馈,2025-02-28 03:01:50,0,192,20.1
_二期_供水泵房_5#加压泵__温度_通道6_反馈,2025-02-28 03:01:51,0,192,20.1
_二期_供水泵房_5#加压泵__温度_通道6_反馈,2025-02-28 03:01:52,0,192,20.1
_二期_供水泵房_5#加压泵__温度_通道6_反馈,2025-02-28 03:01:53,0,192,20.1
_二期_供水泵房_5#加压泵__温度_通道6_反馈,2025-02-28 03:01:54,0,192,20.1
_二期_供水泵房_5#加压泵__温度_通道6_反馈,2025-02-28 03:01:55,0,192,20.1
_二期_供水泵房_5#加压泵__温度_通道6_反馈,2025-02-28 03:01:56,0,192,20.1
_二期_供水泵房_5#加压泵__温度_通道6_反馈,2025-02-28 03:01:57,0,192,20.1
_二期_供水泵房_5#加压泵__温度_通道6_反馈,2025-02-28 03:01:58,0,192,20.1
_二期_供水泵房_5#加压泵__温度_通道6_反馈,2025-02-28 03:01:59,0,192,20.1
_二期_供水泵房_5#加压泵__温度_通道6_反馈,2025-02-28 03:02:00,0,192,20.1
_二期_供水泵房_5#加压泵__温度_通道6_反馈,2025-02-28 03:02:01,0,192,20.1
_二期_供水泵房_5#加压泵__温度_通道6_反馈,2025-02-28 03:02:02,0,192,20.1
_二期_供水泵房_5#加压泵__温度_通道6_反馈,2025-02-28 03:02:03,0,192,20.1
_二期_供水泵房_5#加压泵__温度_通道6_反馈,2025-02-28 03:02:04,0,192,20.1
_二期_供水泵房_5#加压泵__温度_通道6_反馈,2025-02-28 03:02:05,0,192,20.1
_二期_供水泵房_5#加压泵__温度_通道6_反馈,2025-02-28 03:02:06,0,192,20.1
_二期_供水泵房_5#加压泵__温度_通道6_反馈,2025-02-28 03:02:07,0,192,20.1
_二期_供水泵房_5#加压泵__温度_通道6_反馈,2025-02-28 03:02:08,0,192,20.1
_二期_供水泵房_5#加压泵__温度_通道6_反馈,2025-02-28 03:02:09,0,192,20.1
_二期_供水泵房_5#加压泵__温度_通道6_反馈,2025-02-28 03:02:10,0,192,20.1
_二期_供水泵房_5#加压泵__温度_通道6_反馈,2025-02-28 03:02:11,0,192,20.1
_二期_供水泵房_5#加压泵__温度_通道6_反馈,2025-02-28 03:02:12,0,192,20.1
_二期_供水泵房_5#加压泵__温度_通道6_反馈,2025-02-28 03:02:13,0,192,20.1
_二期_供水泵房_5#加压泵__温度_通道6_反馈,2025-02-28 03:02:14,0,192,20.1
_二期_供水泵房_5#加压泵__温度_通道6_反馈,2025-02-28 03:02:15,0,192,20.1
_二期_供水泵房_5#加压泵__温度_通道6_反馈,2025-02-28 03:02:16,0,192,20.1
_二期_供水泵房_5#加压泵__温度_通道6_反馈,2025-02-28 03:02:17,0,192,20.1
_二期_供水泵房_5#加压泵__温度_通道6_反馈,2025-02-28 03:02:18,0,192,20.1
_二期_供水泵房_5#加压泵__温度_通道6_反馈,2025-02-28 03:02:19,0,192,20.1
_二期_供水泵房_5#加压泵__温度_通道6_反馈,2025-02-28 03:02:20,0,192,20.1
_二期_供水泵房_5#加压泵__温度_通道6_反馈,2025-02-28 03:02:21,0,192,20.1
_二期_供水泵房_5#加压泵__温度_通道6_反馈,2025-02-28 03:02:22,0,192,20.1
_二期_供水泵房_5#加压泵__温度_通道6_反馈,2025-02-28 03:02:23,0,192,20.1
_二期_供水泵房_5#加压泵__温度_通道6_反馈,2025-02-28 03:02:24,0,192,20.1
_二期_供水泵房_5#加压泵__温度_通道6_反馈,2025-02-28 03:02:25,0,192,20.1
_二期_供水泵房_5#加压泵__温度_通道6_反馈,2025-02-28 03:02:26,0,192,20.1
_二期_供水泵房_5#加压泵__温度_通道6_反馈,2025-02-28 03:02:27,0,192,20.1
_二期_供水泵房_5#加压泵__温度_通道6_反馈,2025-02-28 03:02:28,0,192,20.1
_二期_供水泵房_5#加压泵__温度_通道6_反馈,2025-02-28 03:02:29,0,192,20.1
_二期_供水泵房_5#加压泵__温度_通道6_反馈,2025-02-28 03:02:30,0,192,20.1
_二期_供水泵房_5#加压泵__温度_通道6_反馈,2025-02-28 03:02:31,0,192,20.1
_二期_供水泵房_5#加压泵__温度_通道6_反馈,2025-02-28 03:02:32,0,192,20.1
_二期_供水泵房_5#加压泵__温度_通道6_反馈,2025-02-28 03:02:33,0,192,20.1
_二期_供水泵房_5#加压泵__温度_通道6_反馈,2025-02-28 03:02:34,0,192,20.1
_二期_供水泵房_5#加压泵__温度_通道6_反馈,2025-02-28 03:02:35,0,192,20.1
_二期_供水泵房_5#加压泵__温度_通道6_反馈,2025-02-28 03:02:36,0,192,20.1
_二期_供水泵房_5#加压泵__温度_通道6_反馈,2025-02-28 03:02:37,0,192,20.1
_二期_供水泵房_5#加压泵__温度_通道6_反馈,2025-02-28 03:02:38,0,192,20.1
_二期_供水泵房_5#加压泵__温度_通道6_反馈,2025-02-28 03:02:39,0,192,20.1
_二期_供水泵房_5#加压泵__温度_通道6_反馈,2025-02-28 03:02:40,0,192,20.1
_二期_供水泵房_5#加压泵__温度_通道6_反馈,2025-02-28 03:02:41,0,192,20.1
_二期_供水泵房_5#加压泵__温度_通道6_反馈,2025-02-28 03:02:42,0,192,20.1
_二期_供水泵房_5#加压泵__温度_通道6_反馈,2025-02-28 03:02:43,0,192,20.1
_二期_供水泵房_5#加压泵__温度_通道6_反馈,2025-02-28 03:02:44,0,192,20.1
_二期_供水泵房_5#加压泵__温度_通道6_反馈,2025-02-28 03:02:45,0,192,20.1
_二期_供水泵房_5#加压泵__温度_通道6_反馈,2025-02-28 03:02:46,0,192,20.1
_二期_供水泵房_5#加压泵__温度_通道6_反馈,2025-02-28 03:02:47,0,192,20.1
_二期_供水泵房_5#加压泵__温度_通道6_反馈,2025-02-28 03:02:48,0,192,20.1
_二期_供水泵房_5#加压泵__温度_通道6_反馈,2025-02-28 03:02:49,0,192,20.1
_二期_供水泵房_5#加压泵__温度_通道6_反馈,2025-02-28 03:02:50,0,192,20.1
_二期_供水泵房_5#加压泵__温度_通道6_反馈,2025-02-28 03:02:51,0,192,20.1
_二期_供水泵房_5#加压泵__温度_通道6_反馈,2025-02-28 03:02:52,0,192,20.1
_二期_供水泵房_5#加压泵__温度_通道6_反馈,2025-02-28 03:02:53,0,192,20.1
_二期_供水泵房_5#加压泵__温度_通道6_反馈,2025-02-28 03:02:54,0,192,20.1
_二期_供水泵房_5#加压泵__温度_通道6_反馈,2025-02-28 03:02:55,0,192,20.1
_二期_供水泵房_5#加压泵__温度_通道6_反馈,2025-02-28 03:02:56,0,192,20.1
_二期_供水泵房_5#加压泵__温度_通道6_反馈,2025-02-28 03:02:57,0,192,20.1
_二期_供水泵房_5#加压泵__温度_通道6_反馈,2025-02-28 03:02:58,0,192,20.1
_二期_供水泵房_5#加压泵__温度_通道6_反馈,2025-02-28 03:02:59,0,192,20.1
_二期_供水泵房_5#加压泵__温度_通道6_反馈,2025-02-28 03:03:00,0,192,20.1
_二期_供水泵房_5#加压泵__温度_通道6_反馈,2025-02-28 03:03:01,0,192,20.1
_二期_供水泵房_5#加压泵__温度_通道6_反馈,2025-02-28 03:03:02,0,192,20.1
_二期_供水泵房_5#加压泵__温度_通道6_反馈,2025-02-28 03:03:03,0,192,20.1
_二期_供水泵房_5#加压泵__温度_通道6_反馈,2025-02-28 03:03:04,0,192,20.1
_二期_供水泵房_5#加压泵__温度_通道6_反馈,2025-02-28 03:03:05,0,192,20.1
_二期_供水泵房_5#加压泵__温度_通道6_反馈,2025-02-28 03:03:06,0,192,20.1
_二期_供水泵房_5#加压泵__温度_通道6_反馈,2025-02-28 03:03:07,0,192,20.1
_二期_供水泵房_5#加压泵__温度_通道6_反馈,2025-02-28 03:03:08,0,192,20.1
_二期_供水泵房_5#加压泵__温度_通道6_反馈,2025-02-28 03:03:09,0,192,20.1
_二期_供水泵房_5#加压泵__温度_通道6_反馈,2025-02-28 03:03:10,0,192,20.1
_二期_供水泵房_5#加压泵__温度_通道6_反馈,2025-02-28 03:03:11,0,192,20.1
_二期_供水泵房_5#加压泵__温度_通道6_反馈,2025-02-28 03:03:12,0,192,20.1
_二期_供水泵房_5#加压泵__温度_通道6_反馈,2025-02-28 03:03:13,0,192,20.1
_二期_供水泵房_5#加压泵__温度_通道6_反馈,2025-02-28 03:03:14,0,192,20.1
_二期_供水泵房_5#加压泵__温度_通道6_反馈,2025-02-28 03:03:15,0,192,20.1
_二期_供水泵房_5#加压泵__温度_通道6_反馈,2025-02-28 03:03:16,0,192,20.1
_二期_供水泵房_5#加压泵__温度_通道6_反馈,2025-02-28 03:03:17,0,192,20.1
_二期_供水泵房_5#加压泵__温度_通道6_反馈,2025-02-28 03:03:18,0,192,20.1
_二期_供水泵房_5#加压泵__温度_通道6_反馈,2025-02-28 03:03:19,0,192,20.1
_二期_供水泵房_5#加压泵__温度_通道6_反馈,2025-02-28 03:03:20,0,192,20.1
_二期_供水泵房_5#加压泵__温度_通道6_反馈,2025-02-28 03:03:21,0,192,20.1
_二期_供水泵房_5#加压泵__温度_通道6_反馈,2025-02-28 03:03:22,0,192,20.1
_二期_供水泵房_5#加压泵__温度_通道6_反馈,2025-02-28 03:03:23,0,192,20.1
_二期_供水泵房_5#加压泵__温度_通道6_反馈,2025-02-28 03:03:24,0,192,20.1
_二期_供水泵房_5#加压泵__温度_通道6_反馈,2025-02-28 03:03:25,0,192,20.1
_二期_供水泵房_5#加压泵__温度_通道6_反馈,2025-02-28 03:03:26,0,192,20.1
_二期_供水泵房_5#加压泵__温度_通道6_反馈,2025-02-28 03:03:27,0,192,20.1
_二期_供水泵房_5#加压泵__温度_通道6_反馈,2025-02-28 03:03:28,0,192,20.1
_二期_供水泵房_5#加压泵__温度_通道6_反馈,2025-02-28 03:03:29,0,192,20.1
_二期_供水泵房_5#加压泵__温度_通道6_反馈,2025-02-28 03:03:30,0,192,20.1
_二期_供水泵房_5#加压泵__温度_通道6_反馈,2025-02-28 03:03:31,0,192,20.1
_二期_供水泵房_5#加压泵__温度_通道6_反馈,2025-02-28 03:03:32,0,192,20.1
_二期_供水泵房_5#加压泵__温度_通道6_反馈,2025-02-28 03:03:33,0,192,20.1
_二期_供水泵房_5#加压泵__温度_通道6_反馈,2025-02-28 03:03:34,0,192,20.1
_二期_供水泵房_5#加压泵__温度_通道6_反馈,2025-02-28 03:03:35,0,192,20.1
_二期_供水泵房_5#加压泵__温度_通道6_反馈,2025-02-28 03:03:36,0,192,20.1
_二期_供水泵房_5#加压泵__温度_通道6_反馈,2025-02-28 03:03:37,0,192,20.1
_二期_供水泵房_5#加压泵__温度_通道6_反馈,2025-02-28 03:03:38,0,192,20.1
_二期_供水泵房_5#加压泵__温度_通道6_反馈,2025-02-28 03:03:39,0,192,20.1
_二期_供水泵房_5#加压泵__温度_通道6_反馈,2025-02-28 03:03:40,0,192,20.1
_二期_供水泵房_5#加压泵__温度_通道6_反馈,2025-02-28 03:03:41,0,192,20.1
_二期_供水泵房_5#加压泵__温度_通道6_反馈,2025-02-28 03:03:42,0,192,20.1
_二期_供水泵房_5#加压泵__温度_通道6_反馈,2025-02-28 03:03:43,0,192,20.1
_二期_供水泵房_5#加压泵__温度_通道6_反馈,2025-02-28 03:03:44,0,192,20.1
_二期_供水泵房_5#加压泵__温度_通道6_反馈,2025-02-28 03:03:45,0,192,20.1
_二期_供水泵房_5#加压泵__温度_通道6_反馈,2025-02-28 03:03:46,0,192,20.1
_二期_供水泵房_5#加压泵__温度_通道6_反馈,2025-02-28 03:03:47,0,192,20.1
_二期_供水泵房_5#加压泵__温度_通道6_反馈,2025-02-28 03:03:48,0,192,20.1
_二期_供水泵房_5#加压泵__温度_通道6_反馈,2025-02-28 03:03:49,0,192,20.1
_二期_供水泵房_5#加压泵__温度_通道6_反馈,2025-02-28 03:03:50,0,192,20.1
_二期_供水泵房_5#加压泵__温度_通道6_反馈,2025-02-28 03:03:51,0,192,20.1
_二期_供水泵房_5#加压泵__温度_通道6_反馈,2025-02-28 03:03:52,0,192,20.1
_二期_供水泵房_5#加压泵__温度_通道6_反馈,2025-02-28 03:03:53,0,192,20.1
_二期_供水泵房_5#加压泵__温度_通道6_反馈,2025-02-28 03:03:54,0,192,20.1
_二期_供水泵房_5#加压泵__温度_通道6_反馈,2025-02-28 03:03:55,0,192,20.1
_二期_供水泵房_5#加压泵__温度_通道6_反馈,2025-02-28 03:03:56,0,192,20.1
_二期_供水泵房_5#加压泵__温度_通道6_反馈,2025-02-28 03:03:57,0,192,20.1
_二期_供水泵房_5#加压泵__温度_通道6_反馈,2025-02-28 03:03:58,0,192,20.1
_二期_供水泵房_5#加压泵__温度_通道6_反馈,2025-02-28 03:03:59,0,192,20.1
_二期_供水泵房_5#加压泵__温度_通道6_反馈,2025-02-28 03:04:00,0,192,20.1
_二期_供水泵房_5#加压泵__温度_通道6_反馈,2025-02-28 03:04:01,0,192,20.1
_二期_供水泵房_5#加压泵__温度_通道6_反馈,2025-02-28 03:04:02,0,192,20.1
_二期_供水泵房_5#加压泵__温度_通道6_反馈,2025-02-28 03:04:03,0,192,20.1
_二期_供水泵房_5#加压泵__温度_通道6_反馈,2025-02-28 03:04:04,0,192,20.1
_二期_供水泵房_5#加压泵__温度_通道6_反馈,2025-02-28 03:04:05,0,192,20.1
_二期_供水泵房_5#加压泵__温度_通道6_反馈,2025-02-28 03:04:06,0,192,20.1
_二期_供水泵房_5#加压泵__温度_通道6_反馈,2025-02-28 03:04:07,0,192,20.1
_二期_供水泵房_5#加压泵__温度_通道6_反馈,2025-02-28 03:04:08,0,192,20.1
_二期_供水泵房_5#加压泵__温度_通道6_反馈,2025-02-28 03:04:09,0,192,20.1
_二期_供水泵房_5#加压泵__温度_通道6_反馈,2025-02-28 03:04:10,0,192,20.1
_二期_供水泵房_5#加压泵__温度_通道6_反馈,2025-02-28 03:04:11,0,192,20.1
_二期_供水泵房_5#加压泵__温度_通道6_反馈,2025-02-28 03:04:12,0,192,20.1
_二期_供水泵房_5#加压泵__温度_通道6_反馈,2025-02-28 03:04:13,0,192,20.1
_二期_供水泵房_5#加压泵__温度_通道6_反馈,2025-02-28 03:04:14,0,192,20.1
_二期_供水泵房_5#加压泵__温度_通道6_反馈,2025-02-28 03:04:15,0,192,20.1
_二期_供水泵房_5#加压泵__温度_通道6_反馈,2025-02-28 03:04:16,0,192,20.1
_二期_供水泵房_5#加压泵__温度_通道6_反馈,2025-02-28 03:04:17,0,192,20.1
_二期_供水泵房_5#加压泵__温度_通道6_反馈,2025-02-28 03:04:18,0,192,20.1
_二期_供水泵房_5#加压泵__温度_通道6_反馈,2025-02-28 03:04:19,0,192,20.1
_二期_供水泵房_5#加压泵__温度_通道6_反馈,2025-02-28 03:04:20,0,192,20.1
_二期_供水泵房_5#加压泵__温度_通道6_反馈,2025-02-28 03:04:21,0,192,20.1
_二期_供水泵房_5#加压泵__温度_通道6_反馈,2025-02-28 03:04:22,0,192,20.1
_二期_供水泵房_5#加压泵__温度_通道6_反馈,2025-02-28 03:04:23,0,192,20.1
_二期_供水泵房_5#加压泵__温度_通道6_反馈,2025-02-28 03:04:24,0,192,20.1
_二期_供水泵房_5#加压泵__温度_通道6_反馈,2025-02-28 03:04:25,0,192,20.1
_二期_供水泵房_5#加压泵__温度_通道6_反馈,2025-02-28 03:04:26,0,192,20.1
_二期_供水泵房_5#加压泵__温度_通道6_反馈,2025-02-28 03:04:27,0,192,20.1
_二期_供水泵房_5#加压泵__温度_通道6_反馈,2025-02-28 03:04:28,0,192,20.1
_二期_供水泵房_5#加压泵__温度_通道6_反馈,2025-02-28 03:04:29,0,192,20.1
_二期_供水泵房_5#加压泵__温度_通道6_反馈,2025-02-28 03:04:30,0,192,20.1
_二期_供水泵房_5#加压泵__温度_通道6_反馈,2025-02-28 03:04:31,0,192,20.1
_二期_供水泵房_5#加压泵__温度_通道6_反馈,2025-02-28 03:04:32,0,192,20.1
_二期_供水泵房_5#加压泵__温度_通道6_反馈,2025-02-28 03:04:33,0,192,20.1
_二期_供水泵房_5#加压泵__温度_通道6_反馈,2025-02-28 03:04:34,0,192,20.1
_二期_供水泵房_5#加压泵__温度_通道6_反馈,2025-02-28 03:04:35,0,192,20.1
_二期_供水泵房_5#加压泵__温度_通道6_反馈,2025-02-28 03:04:36,0,192,20.1
_二期_供水泵房_5#加压泵__温度_通道6_反馈,2025-02-28 03:04:37,0,192,20.1
_二期_供水泵房_5#加压泵__温度_通道6_反馈,2025-02-28 03:04:38,0,192,20.1
_二期_供水泵房_5#加压泵__温度_通道6_反馈,2025-02-28 03:04:39,0,192,20.1
_二期_供水泵房_5#加压泵__温度_通道6_反馈,2025-02-28 03:04:40,0,192,20.1
_二期_供水泵房_5#加压泵__温度_通道6_反馈,2025-02-28 03:04:41,0,192,20.1
_二期_供水泵房_5#加压泵__温度_通道6_反馈,2025-02-28 03:04:42,0,192,20.1
_二期_供水泵房_5#加压泵__温度_通道6_反馈,2025-02-28 03:04:43,0,192,20.1
_二期_供水泵房_5#加压泵__温度_通道6_反馈,2025-02-28 03:04:44,0,192,20.1
_二期_供水泵房_5#加压泵__温度_通道6_反馈,2025-02-28 03:04:45,0,192,20.1
_二期_供水泵房_5#加压泵__温度_通道6_反馈,2025-02-28 03:04:46,0,192,20.1
_二期_供水泵房_5#加压泵__温度_通道6_反馈,2025-02-28 03:04:47,0,192,20.1
_二期_供水泵房_5#加压泵__温度_通道6_反馈,2025-02-28 03:04:48,0,192,20.1
_二期_供水泵房_5#加压泵__温度_通道6_反馈,2025-02-28 03:04:49,0,192,20.1
_二期_供水泵房_5#加压泵__温度_通道6_反馈,2025-02-28 03:04:50,0,192,20.1
_二期_供水泵房_5#加压泵__温度_通道6_反馈,2025-02-28 03:04:51,0,192,20.1
_二期_供水泵房_5#加压泵__温度_通道6_反馈,2025-02-28 03:04:52,0,192,20.1
_二期_供水泵房_5#加压泵__温度_通道6_反馈,2025-02-28 03:04:53,0,192,20.1
_二期_供水泵房_5#加压泵__温度_通道6_反馈,2025-02-28 03:04:54,0,192,20.1
_二期_供水泵房_5#加压泵__温度_通道6_反馈,2025-02-28 03:04:55,0,192,20.1
_二期_供水泵房_5#加压泵__温度_通道6_反馈,2025-02-28 03:04:56,0,192,20.1
_二期_供水泵房_5#加压泵__温度_通道6_反馈,2025-02-28 03:04:57,0,192,20.1
_二期_供水泵房_5#加压泵__温度_通道6_反馈,2025-02-28 03:04:58,0,192,20.1
_二期_供水泵房_5#加压泵__温度_通道6_反馈,2025-02-28 03:04:59,0,192,20.1
_二期_供水泵房_5#加压泵__温度_通道6_反馈,2025-02-28 03:05:00,0,192,20.1
_二期_供水泵房_5#加压泵__温度_通道6_反馈,2025-02-28 03:05:01,0,192,20.1
_二期_供水泵房_5#加压泵__温度_通道6_反馈,2025-02-28 03:05:02,0,192,20.1
_二期_供水泵房_5#加压泵__温度_通道6_反馈,2025-02-28 03:05:03,0,192,20.1
_二期_供水泵房_5#加压泵__温度_通道6_反馈,2025-02-28 03:05:04,0,192,20.1
_二期_供水泵房_5#加压泵__温度_通道6_反馈,2025-02-28 03:05:05,0,192,20.1
_二期_供水泵房_5#加压泵__温度_通道6_反馈,2025-02-28 03:05:06,0,192,20.1
_二期_供水泵房_5#加压泵__温度_通道6_反馈,2025-02-28 03:05:07,0,192,20.1
_二期_供水泵房_5#加压泵__温度_通道6_反馈,2025-02-28 03:05:08,0,192,20.1
_二期_供水泵房_5#加压泵__温度_通道6_反馈,2025-02-28 03:05:09,0,192,20.1
_二期_供水泵房_5#加压泵__温度_通道6_反馈,2025-02-28 03:05:10,0,192,20.1
_二期_供水泵房_5#加压泵__温度_通道6_反馈,2025-02-28 03:05:11,0,192,20.1
_二期_供水泵房_5#加压泵__温度_通道6_反馈,2025-02-28 03:05:12,0,192,20.1
_二期_供水泵房_5#加压泵__温度_通道6_反馈,2025-02-28 03:05:13,0,192,20.1
_二期_供水泵房_5#加压泵__温度_通道6_反馈,2025-02-28 03:05:14,0,192,20.1
_二期_供水泵房_5#加压泵__温度_通道6_反馈,2025-02-28 03:05:15,0,192,20.1
_二期_供水泵房_5#加压泵__温度_通道6_反馈,2025-02-28 03:05:16,0,192,20.1
_二期_供水泵房_5#加压泵__温度_通道6_反馈,2025-02-28 03:05:17,0,192,20.1
_二期_供水泵房_5#加压泵__温度_通道6_反馈,2025-02-28 03:05:18,0,192,20.1
_二期_供水泵房_5#加压泵__温度_通道6_反馈,2025-02-28 03:05:19,0,192,20.1
_二期_供水泵房_5#加压泵__温度_通道6_反馈,2025-02-28 03:05:20,0,192,20.1
_二期_供水泵房_5#加压泵__温度_通道6_反馈,2025-02-28 03:05:21,0,192,20.1
_二期_供水泵房_5#加压泵__温度_通道6_反馈,2025-02-28 03:05:22,0,192,20.1
_二期_供水泵房_5#加压泵__温度_通道6_反馈,2025-02-28 03:05:23,0,192,20.1
_二期_供水泵房_5#加压泵__温度_通道6_反馈,2025-02-28 03:05:24,0,192,20.1
_二期_供水泵房_5#加压泵__温度_通道6_反馈,2025-02-28 03:05:25,0,192,20.1
_二期_供水泵房_5#加压泵__温度_通道6_反馈,2025-02-28 03:05:26,0,192,20.1
_二期_供水泵房_5#加压泵__温度_通道6_反馈,2025-02-28 03:05:27,0,192,20.1
_二期_供水泵房_5#加压泵__温度_通道6_反馈,2025-02-28 03:05:28,0,192,20.1
_二期_供水泵房_5#加压泵__温度_通道6_反馈,2025-02-28 03:05:29,0,192,20.1
_二期_供水泵房_5#加压泵__温度_通道6_反馈,2025-02-28 03:05:30,0,192,20.1
_二期_供水泵房_5#加压泵__温度_通道6_反馈,2025-02-28 03:05:31,0,192,20.1
_二期_供水泵房_5#加压泵__温度_通道6_反馈,2025-02-28 03:05:32,0,192,20.1
_二期_供水泵房_5#加压泵__温度_通道6_反馈,2025-02-28 03:05:33,0,192,20.1
_二期_供水泵房_5#加压泵__温度_通道6_反馈,2025-02-28 03:05:34,0,192,20.1
_二期_供水泵房_5#加压泵__温度_通道6_反馈,2025-02-28 03:05:35,0,192,20.1
_二期_供水泵房_5#加压泵__温度_通道6_反馈,2025-02-28 03:05:36,0,192,20.1
_二期_供水泵房_5#加压泵__温度_通道6_反馈,2025-02-28 03:05:37,0,192,20.1
_二期_供水泵房_5#加压泵__温度_通道6_反馈,2025-02-28 03:05:38,0,192,20.1
_二期_供水泵房_5#加压泵__温度_通道6_反馈,2025-02-28 03:05:39,0,192,20.1
_二期_供水泵房_5#加压泵__温度_通道6_反馈,2025-02-28 03:05:40,0,192,20.1
_二期_供水泵房_5#加压泵__温度_通道6_反馈,2025-02-28 03:05:41,0,192,20.1
_二期_供水泵房_5#加压泵__温度_通道6_反馈,2025-02-28 03:05:42,0,192,20.1
_二期_供水泵房_5#加压泵__温度_通道6_反馈,2025-02-28 03:05:43,0,192,20.1
_二期_供水泵房_5#加压泵__温度_通道6_反馈,2025-02-28 03:05:44,0,192,20.1
_二期_供水泵房_5#加压泵__温度_通道6_反馈,2025-02-28 03:05:45,0,192,20.1
_二期_供水泵房_5#加压泵__温度_通道6_反馈,2025-02-28 03:05:46,0,192,20.1
_二期_供水泵房_5#加压泵__温度_通道6_反馈,2025-02-28 03:05:47,0,192,20.1
_二期_供水泵房_5#加压泵__温度_通道6_反馈,2025-02-28 03:05:48,0,192,20.1
_二期_供水泵房_5#加压泵__温度_通道6_反馈,2025-02-28 03:05:49,0,192,20.1
_二期_供水泵房_5#加压泵__温度_通道6_反馈,2025-02-28 03:05:50,0,192,20.1
_二期_供水泵房_5#加压泵__温度_通道6_反馈,2025-02-28 03:05:51,0,192,20.1
_二期_供水泵房_5#加压泵__温度_通道6_反馈,2025-02-28 03:05:52,0,192,20.1
_二期_供水泵房_5#加压泵__温度_通道6_反馈,2025-02-28 03:05:53,0,192,20.1
_二期_供水泵房_5#加压泵__温度_通道6_反馈,2025-02-28 03:05:54,0,192,20.1
_二期_供水泵房_5#加压泵__温度_通道6_反馈,2025-02-28 03:05:55,0,192,20.1
_二期_供水泵房_5#加压泵__温度_通道6_反馈,2025-02-28 03:05:56,0,192,20.1
_二期_供水泵房_5#加压泵__温度_通道6_反馈,2025-02-28 03:05:57,0,192,20.1
_二期_供水泵房_5#加压泵__温度_通道6_反馈,2025-02-28 03:05:58,0,192,20.1
_二期_供水泵房_5#加压泵__温度_通道6_反馈,2025-02-28 03:05:59,0,192,20.1
_二期_供水泵房_5#加压泵__温度_通道6_反馈,2025-02-28 03:06:00,0,192,20.1
_二期_供水泵房_5#加压泵__温度_通道6_反馈,2025-02-28 03:06:01,0,192,20.1
_二期_供水泵房_5#加压泵__温度_通道6_反馈,2025-02-28 03:06:02,0,192,20.1
_二期_供水泵房_5#加压泵__温度_通道6_反馈,2025-02-28 03:06:03,0,192,20.1
_二期_供水泵房_5#加压泵__温度_通道6_反馈,2025-02-28 03:06:04,0,192,20.1
_二期_供水泵房_5#加压泵__温度_通道6_反馈,2025-02-28 03:06:05,0,192,20.1
_二期_供水泵房_5#加压泵__温度_通道6_反馈,2025-02-28 03:06:06,0,192,20.1
_二期_供水泵房_5#加压泵__温度_通道6_反馈,2025-02-28 03:06:07,0,192,20.1
_二期_供水泵房_5#加压泵__温度_通道6_反馈,2025-02-28 03:06:08,0,192,20.1
_二期_供水泵房_5#加压泵__温度_通道6_反馈,2025-02-28 03:06:09,0,192,20.1
_二期_供水泵房_5#加压泵__温度_通道6_反馈,2025-02-28 03:06:10,0,192,20.1
_二期_供水泵房_5#加压泵__温度_通道6_反馈,2025-02-28 03:06:11,0,192,20.1
_二期_供水泵房_5#加压泵__温度_通道6_反馈,2025-02-28 03:06:12,0,192,20.1
_二期_供水泵房_5#加压泵__温度_通道6_反馈,2025-02-28 03:06:13,0,192,20.1
_二期_供水泵房_5#加压泵__温度_通道6_反馈,2025-02-28 03:06:14,0,192,20.1
_二期_供水泵房_5#加压泵__温度_通道6_反馈,2025-02-28 03:06:15,0,192,20.1
_二期_供水泵房_5#加压泵__温度_通道6_反馈,2025-02-28 03:06:16,0,192,20.1
_二期_供水泵房_5#加压泵__温度_通道6_反馈,2025-02-28 03:06:17,0,192,20.1
_二期_供水泵房_5#加压泵__温度_通道6_反馈,2025-02-28 03:06:18,0,192,20.1
_二期_供水泵房_5#加压泵__温度_通道6_反馈,2025-02-28 03:06:19,0,192,20.1
_二期_供水泵房_5#加压泵__温度_通道6_反馈,2025-02-28 03:06:20,0,192,20.1
_二期_供水泵房_5#加压泵__温度_通道6_反馈,2025-02-28 03:06:21,0,192,20.1
_二期_供水泵房_5#加压泵__温度_通道6_反馈,2025-02-28 03:06:22,0,192,20.1
_二期_供水泵房_5#加压泵__温度_通道6_反馈,2025-02-28 03:06:23,0,192,20.1
_二期_供水泵房_5#加压泵__温度_通道6_反馈,2025-02-28 03:06:24,0,192,20.1
_二期_供水泵房_5#加压泵__温度_通道6_反馈,2025-02-28 03:06:25,0,192,20.1
_二期_供水泵房_5#加压泵__温度_通道6_反馈,2025-02-28 03:06:26,0,192,20.1
_二期_供水泵房_5#加压泵__温度_通道6_反馈,2025-02-28 03:06:27,0,192,20.1
_二期_供水泵房_5#加压泵__温度_通道6_反馈,2025-02-28 03:06:28,0,192,20.1
_二期_供水泵房_5#加压泵__温度_通道6_反馈,2025-02-28 03:06:29,0,192,20.1
_二期_供水泵房_5#加压泵__温度_通道6_反馈,2025-02-28 03:06:30,0,192,20.1
_二期_供水泵房_5#加压泵__温度_通道6_反馈,2025-02-28 03:06:31,0,192,20.1
_二期_供水泵房_5#加压泵__温度_通道6_反馈,2025-02-28 03:06:32,0,192,20.1
_二期_供水泵房_5#加压泵__温度_通道6_反馈,2025-02-28 03:06:33,0,192,20.1
_二期_供水泵房_5#加压泵__温度_通道6_反馈,2025-02-28 03:06:34,0,192,20.1
_二期_供水泵房_5#加压泵__温度_通道6_反馈,2025-02-28 03:06:35,0,192,20.1
_二期_供水泵房_5#加压泵__温度_通道6_反馈,2025-02-28 03:06:36,0,192,20.1
_二期_供水泵房_5#加压泵__温度_通道6_反馈,2025-02-28 03:06:37,0,192,20.1
_二期_供水泵房_5#加压泵__温度_通道6_反馈,2025-02-28 03:06:38,0,192,20.1
_二期_供水泵房_5#加压泵__温度_通道6_反馈,2025-02-28 03:06:39,0,192,20.1
_二期_供水泵房_5#加压泵__温度_通道6_反馈,2025-02-28 03:06:40,0,192,20.1
_二期_供水泵房_5#加压泵__温度_通道6_反馈,2025-02-28 03:06:41,0,192,20.1
_二期_供水泵房_5#加压泵__温度_通道6_反馈,2025-02-28 03:06:42,0,192,20.1
_二期_供水泵房_5#加压泵__温度_通道6_反馈,2025-02-28 03:06:43,0,192,20.1
_二期_供水泵房_5#加压泵__温度_通道6_反馈,2025-02-28 03:06:44,0,192,20.1
_二期_供水泵房_5#加压泵__温度_通道6_反馈,2025-02-28 03:06:45,0,192,20.1
_二期_供水泵房_5#加压泵__温度_通道6_反馈,2025-02-28 03:06:46,0,192,20.1
_二期_供水泵房_5#加压泵__温度_通道6_反馈,2025-02-28 03:06:47,0,192,20.1
_二期_供水泵房_5#加压泵__温度_通道6_反馈,2025-02-28 03:06:48,0,192,20.1
_二期_供水泵房_5#加压泵__温度_通道6_反馈,2025-02-28 03:06:49,0,192,20.1
_二期_供水泵房_5#加压泵__温度_通道6_反馈,2025-02-28 03:06:50,0,192,20.1
_二期_供水泵房_5#加压泵__温度_通道6_反馈,2025-02-28 03:06:51,0,192,20.1
_二期_供水泵房_5#加压泵__温度_通道6_反馈,2025-02-28 03:06:52,0,192,20.1
_二期_供水泵房_5#加压泵__温度_通道6_反馈,2025-02-28 03:06:53,0,192,20.1
_二期_供水泵房_5#加压泵__温度_通道6_反馈,2025-02-28 03:06:54,0,192,20.1
_二期_供水泵房_5#加压泵__温度_通道6_反馈,2025-02-28 03:06:55,0,192,20.1
_二期_供水泵房_5#加压泵__温度_通道6_反馈,2025-02-28 03:06:56,0,192,20.1
_二期_供水泵房_5#加压泵__温度_通道6_反馈,2025-02-28 03:06:57,0,192,20.1
_二期_供水泵房_5#加压泵__温度_通道6_反馈,2025-02-28 03:06:58,0,192,20.1
_二期_供水泵房_5#加压泵__温度_通道6_反馈,2025-02-28 03:06:59,0,192,20.1
_二期_供水泵房_5#加压泵__温度_通道6_反馈,2025-02-28 03:07:00,0,192,20.1
_二期_供水泵房_5#加压泵__温度_通道6_反馈,2025-02-28 03:07:01,0,192,20.1
_二期_供水泵房_5#加压泵__温度_通道6_反馈,2025-02-28 03:07:02,0,192,20.1
_二期_供水泵房_5#加压泵__温度_通道6_反馈,2025-02-28 03:07:03,0,192,20.1
_二期_供水泵房_5#加压泵__温度_通道6_反馈,2025-02-28 03:07:04,0,192,20.1
_二期_供水泵房_5#加压泵__温度_通道6_反馈,2025-02-28 03:07:05,0,192,20.1
_二期_供水泵房_5#加压泵__温度_通道6_反馈,2025-02-28 03:07:06,0,192,20.1
_二期_供水泵房_5#加压泵__温度_通道6_反馈,2025-02-28 03:07:07,0,192,20.1
_二期_供水泵房_5#加压泵__温度_通道6_反馈,2025-02-28 03:07:08,0,192,20.1
_二期_供水泵房_5#加压泵__温度_通道6_反馈,2025-02-28 03:07:09,0,192,20.1
_二期_供水泵房_5#加压泵__温度_通道6_反馈,2025-02-28 03:07:10,0,192,20.1
_二期_供水泵房_5#加压泵__温度_通道6_反馈,2025-02-28 03:07:11,0,192,20.1
_二期_供水泵房_5#加压泵__温度_通道6_反馈,2025-02-28 03:07:12,0,192,20.1
_二期_供水泵房_5#加压泵__温度_通道6_反馈,2025-02-28 03:07:13,0,192,20.1
_二期_供水泵房_5#加压泵__温度_通道6_反馈,2025-02-28 03:07:14,0,192,20.1
_二期_供水泵房_5#加压泵__温度_通道6_反馈,2025-02-28 03:07:15,0,192,20.1
_二期_供水泵房_5#加压泵__温度_通道6_反馈,2025-02-28 03:07:16,0,192,20.1
_二期_供水泵房_5#加压泵__温度_通道6_反馈,2025-02-28 03:07:17,0,192,20.1
_二期_供水泵房_5#加压泵__温度_通道6_反馈,2025-02-28 03:07:18,0,192,20.1
_二期_供水泵房_5#加压泵__温度_通道6_反馈,2025-02-28 03:07:19,0,192,20.1
_二期_供水泵房_5#加压泵__温度_通道6_反馈,2025-02-28 03:07:20,0,192,20.1
_二期_供水泵房_5#加压泵__温度_通道6_反馈,2025-02-28 03:07:21,0,192,20.1
_二期_供水泵房_5#加压泵__温度_通道6_反馈,2025-02-28 03:07:22,0,192,20.1
_二期_供水泵房_5#加压泵__温度_通道6_反馈,2025-02-28 03:07:23,0,192,20.1
_二期_供水泵房_5#加压泵__温度_通道6_反馈,2025-02-28 03:07:24,0,192,20.1
_二期_供水泵房_5#加压泵__温度_通道6_反馈,2025-02-28 03:07:25,0,192,20.1
_二期_供水泵房_5#加压泵__温度_通道6_反馈,2025-02-28 03:07:26,0,192,20.1
_二期_供水泵房_5#加压泵__温度_通道6_反馈,2025-02-28 03:07:27,0,192,20.1
_二期_供水泵房_5#加压泵__温度_通道6_反馈,2025-02-28 03:07:28,0,192,20.1
_二期_供水泵房_5#加压泵__温度_通道6_反馈,2025-02-28 03:07:29,0,192,20.1
_二期_供水泵房_5#加压泵__温度_通道6_反馈,2025-02-28 03:07:30,0,192,20.1
_二期_供水泵房_5#加压泵__温度_通道6_反馈,2025-02-28 03:07:31,0,192,20.1
_二期_供水泵房_5#加压泵__温度_通道6_反馈,2025-02-28 03:07:32,0,192,20.1
_二期_供水泵房_5#加压泵__温度_通道6_反馈,2025-02-28 03:07:33,0,192,20.1
_二期_供水泵房_5#加压泵__温度_通道6_反馈,2025-02-28 03:07:34,0,192,20.1
_二期_供水泵房_5#加压泵__温度_通道6_反馈,2025-02-28 03:07:35,0,192,20.1
_二期_供水泵房_5#加压泵__温度_通道6_反馈,2025-02-28 03:07:36,0,192,20.1
_二期_供水泵房_5#加压泵__温度_通道6_反馈,2025-02-28 03:07:37,0,192,20.1
_二期_供水泵房_5#加压泵__温度_通道6_反馈,2025-02-28 03:07:38,0,192,20.1
_二期_供水泵房_5#加压泵__温度_通道6_反馈,2025-02-28 03:07:39,0,192,20.1
_二期_供水泵房_5#加压泵__温度_通道6_反馈,2025-02-28 03:07:40,0,192,20.1
_二期_供水泵房_5#加压泵__温度_通道6_反馈,2025-02-28 03:07:41,0,192,20.1
_二期_供水泵房_5#加压泵__温度_通道6_反馈,2025-02-28 03:07:42,0,192,20.1
_二期_供水泵房_5#加压泵__温度_通道6_反馈,2025-02-28 03:07:43,0,192,20.1
_二期_供水泵房_5#加压泵__温度_通道6_反馈,2025-02-28 03:07:44,0,192,20.1
_二期_供水泵房_5#加压泵__温度_通道6_反馈,2025-02-28 03:07:45,0,192,20.1
_二期_供水泵房_5#加压泵__温度_通道6_反馈,2025-02-28 03:07:46,0,192,20.1
_二期_供水泵房_5#加压泵__温度_通道6_反馈,2025-02-28 03:07:47,0,192,20.1
_二期_供水泵房_5#加压泵__温度_通道6_反馈,2025-02-28 03:07:48,0,192,20.1
_二期_供水泵房_5#加压泵__温度_通道6_反馈,2025-02-28 03:07:49,0,192,20.1
_二期_供水泵房_5#加压泵__温度_通道6_反馈,2025-02-28 03:07:50,0,192,20.1
_二期_供水泵房_5#加压泵__温度_通道6_反馈,2025-02-28 03:07:51,0,192,20.1
_二期_供水泵房_5#加压泵__温度_通道6_反馈,2025-02-28 03:07:52,0,192,20.1
_二期_供水泵房_5#加压泵__温度_通道6_反馈,2025-02-28 03:07:53,0,192,20.1
_二期_供水泵房_5#加压泵__温度_通道6_反馈,2025-02-28 03:07:54,0,192,20.1
_二期_供水泵房_5#加压泵__温度_通道6_反馈,2025-02-28 03:07:55,0,192,20.1
_二期_供水泵房_5#加压泵__温度_通道6_反馈,2025-02-28 03:07:56,0,192,20.1
_二期_供水泵房_5#加压泵__温度_通道6_反馈,2025-02-28 03:07:57,0,192,20.1
_二期_供水泵房_5#加压泵__温度_通道6_反馈,2025-02-28 03:07:58,0,192,20.1
_二期_供水泵房_5#加压泵__温度_通道6_反馈,2025-02-28 03:07:59,0,192,20.1
_二期_供水泵房_5#加压泵__温度_通道6_反馈,2025-02-28 03:08:00,0,192,20.1
_二期_供水泵房_5#加压泵__温度_通道6_反馈,2025-02-28 03:08:01,0,192,20.1
_二期_供水泵房_5#加压泵__温度_通道6_反馈,2025-02-28 03:08:02,0,192,20.1
_二期_供水泵房_5#加压泵__温度_通道6_反馈,2025-02-28 03:08:03,0,192,20.1
_二期_供水泵房_5#加压泵__温度_通道6_反馈,2025-02-28 03:08:04,0,192,20.1
_二期_供水泵房_5#加压泵__温度_通道6_反馈,2025-02-28 03:08:05,0,192,20.1
_二期_供水泵房_5#加压泵__温度_通道6_反馈,2025-02-28 03:08:06,0,192,20.1
_二期_供水泵房_5#加压泵__温度_通道6_反馈,2025-02-28 03:08:07,0,192,20.1
_二期_供水泵房_5#加压泵__温度_通道6_反馈,2025-02-28 03:08:08,0,192,20.1
_二期_供水泵房_5#加压泵__温度_通道6_反馈,2025-02-28 03:08:09,0,192,20.1
_二期_供水泵房_5#加压泵__温度_通道6_反馈,2025-02-28 03:08:10,0,192,20.1
_二期_供水泵房_5#加压泵__温度_通道6_反馈,2025-02-28 03:08:11,0,192,20.1
_二期_供水泵房_5#加压泵__温度_通道6_反馈,2025-02-28 03:08:12,0,192,20.1
_二期_供水泵房_5#加压泵__温度_通道6_反馈,2025-02-28 03:08:13,0,192,20.1
_二期_供水泵房_5#加压泵__温度_通道6_反馈,2025-02-28 03:08:14,0,192,20.1
_二期_供水泵房_5#加压泵__温度_通道6_反馈,2025-02-28 03:08:15,0,192,20.1
_二期_供水泵房_5#加压泵__温度_通道6_反馈,2025-02-28 03:08:16,0,192,20.1
_二期_供水泵房_5#加压泵__温度_通道6_反馈,2025-02-28 03:08:17,0,192,20.1
_二期_供水泵房_5#加压泵__温度_通道6_反馈,2025-02-28 03:08:18,0,192,20.1
_二期_供水泵房_5#加压泵__温度_通道6_反馈,2025-02-28 03:08:19,0,192,20.1
_二期_供水泵房_5#加压泵__温度_通道6_反馈,2025-02-28 03:08:20,0,192,20.1
_二期_供水泵房_5#加压泵__温度_通道6_反馈,2025-02-28 03:08:21,0,192,20.1
_二期_供水泵房_5#加压泵__温度_通道6_反馈,2025-02-28 03:08:22,0,192,20.1
_二期_供水泵房_5#加压泵__温度_通道6_反馈,2025-02-28 03:08:23,0,192,20.1
_二期_供水泵房_5#加压泵__温度_通道6_反馈,2025-02-28 03:08:24,0,192,20.1
_二期_供水泵房_5#加压泵__温度_通道6_反馈,2025-02-28 03:08:25,0,192,20.1
_二期_供水泵房_5#加压泵__温度_通道6_反馈,2025-02-28 03:08:26,0,192,20.1
_二期_供水泵房_5#加压泵__温度_通道6_反馈,2025-02-28 03:08:27,0,192,20.1
_二期_供水泵房_5#加压泵__温度_通道6_反馈,2025-02-28 03:08:28,0,192,20.1
_二期_供水泵房_5#加压泵__温度_通道6_反馈,2025-02-28 03:08:29,0,192,20.1
_二期_供水泵房_5#加压泵__温度_通道6_反馈,2025-02-28 03:08:30,0,192,20.1
_二期_供水泵房_5#加压泵__温度_通道6_反馈,2025-02-28 03:08:31,0,192,20.1
_二期_供水泵房_5#加压泵__温度_通道6_反馈,2025-02-28 03:08:32,0,192,20.1
_二期_供水泵房_5#加压泵__温度_通道6_反馈,2025-02-28 03:08:33,0,192,20.1
_二期_供水泵房_5#加压泵__温度_通道6_反馈,2025-02-28 03:08:34,0,192,20.1
_二期_供水泵房_5#加压泵__温度_通道6_反馈,2025-02-28 03:08:35,0,192,20.1
_二期_供水泵房_5#加压泵__温度_通道6_反馈,2025-02-28 03:08:36,0,192,20.1
_二期_供水泵房_5#加压泵__温度_通道6_反馈,2025-02-28 03:08:37,0,192,20.1
_二期_供水泵房_5#加压泵__温度_通道6_反馈,2025-02-28 03:08:38,0,192,20.1
_二期_供水泵房_5#加压泵__温度_通道6_反馈,2025-02-28 03:08:39,0,192,20.1
_二期_供水泵房_5#加压泵__温度_通道6_反馈,2025-02-28 03:08:40,0,192,20.1
_二期_供水泵房_5#加压泵__温度_通道6_反馈,2025-02-28 03:08:41,0,192,20.1
_二期_供水泵房_5#加压泵__温度_通道6_反馈,2025-02-28 03:08:42,0,192,20.1
_二期_供水泵房_5#加压泵__温度_通道6_反馈,2025-02-28 03:08:43,0,192,20.1
_二期_供水泵房_5#加压泵__温度_通道6_反馈,2025-02-28 03:08:44,0,192,20.1
_二期_供水泵房_5#加压泵__温度_通道6_反馈,2025-02-28 03:08:45,0,192,20.1
_二期_供水泵房_5#加压泵__温度_通道6_反馈,2025-02-28 03:08:46,0,192,20.1
_二期_供水泵房_5#加压泵__温度_通道6_反馈,2025-02-28 03:08:47,0,192,20.1
_二期_供水泵房_5#加压泵__温度_通道6_反馈,2025-02-28 03:08:48,0,192,20.1
_二期_供水泵房_5#加压泵__温度_通道6_反馈,2025-02-28 03:08:49,0,192,20.1
_二期_供水泵房_5#加压泵__温度_通道6_反馈,2025-02-28 03:08:50,0,192,20.1
_二期_供水泵房_5#加压泵__温度_通道6_反馈,2025-02-28 03:08:51,0,192,20.1
_二期_供水泵房_5#加压泵__温度_通道6_反馈,2025-02-28 03:08:52,0,192,20.1
_二期_供水泵房_5#加压泵__温度_通道6_反馈,2025-02-28 03:08:53,0,192,20.1
_二期_供水泵房_5#加压泵__温度_通道6_反馈,2025-02-28 03:08:54,0,192,20.1
_二期_供水泵房_5#加压泵__温度_通道6_反馈,2025-02-28 03:08:55,0,192,20.1
_二期_供水泵房_5#加压泵__温度_通道6_反馈,2025-02-28 03:08:56,0,192,20.1
_二期_供水泵房_5#加压泵__温度_通道6_反馈,2025-02-28 03:08:57,0,192,20.1
_二期_供水泵房_5#加压泵__温度_通道6_反馈,2025-02-28 03:08:58,0,192,20.1
_二期_供水泵房_5#加压泵__温度_通道6_反馈,2025-02-28 03:08:59,0,192,20.1
_二期_供水泵房_5#加压泵__温度_通道6_反馈,2025-02-28 03:09:00,0,192,20.1
_二期_供水泵房_5#加压泵__温度_通道6_反馈,2025-02-28 03:09:01,0,192,20.1
_二期_供水泵房_5#加压泵__温度_通道6_反馈,2025-02-28 03:09:02,0,192,20.1
_二期_供水泵房_5#加压泵__温度_通道6_反馈,2025-02-28 03:09:03,0,192,20.1
_二期_供水泵房_5#加压泵__温度_通道6_反馈,2025-02-28 03:09:04,0,192,20.1
_二期_供水泵房_5#加压泵__温度_通道6_反馈,2025-02-28 03:09:05,0,192,20.1
_二期_供水泵房_5#加压泵__温度_通道6_反馈,2025-02-28 03:09:06,0,192,20.1
_二期_供水泵房_5#加压泵__温度_通道6_反馈,2025-02-28 03:09:07,0,192,20.1
_二期_供水泵房_5#加压泵__温度_通道6_反馈,2025-02-28 03:09:08,0,192,20.1
_二期_供水泵房_5#加压泵__温度_通道6_反馈,2025-02-28 03:09:09,0,192,20.1
_二期_供水泵房_5#加压泵__温度_通道6_反馈,2025-02-28 03:09:10,0,192,20.1
_二期_供水泵房_5#加压泵__温度_通道6_反馈,2025-02-28 03:09:11,0,192,20.1
_二期_供水泵房_5#加压泵__温度_通道6_反馈,2025-02-28 03:09:12,0,192,20.1
_二期_供水泵房_5#加压泵__温度_通道6_反馈,2025-02-28 03:09:13,0,192,20.1
_二期_供水泵房_5#加压泵__温度_通道6_反馈,2025-02-28 03:09:14,0,192,20.1
_二期_供水泵房_5#加压泵__温度_通道6_反馈,2025-02-28 03:09:15,0,192,20.1
_二期_供水泵房_5#加压泵__温度_通道6_反馈,2025-02-28 03:09:16,0,192,20.1
_二期_供水泵房_5#加压泵__温度_通道6_反馈,2025-02-28 03:09:17,0,192,20.1
_二期_供水泵房_5#加压泵__温度_通道6_反馈,2025-02-28 03:09:18,0,192,20.1
_二期_供水泵房_5#加压泵__温度_通道6_反馈,2025-02-28 03:09:19,0,192,20.1
_二期_供水泵房_5#加压泵__温度_通道6_反馈,2025-02-28 03:09:20,0,192,20.1
_二期_供水泵房_5#加压泵__温度_通道6_反馈,2025-02-28 03:09:21,0,192,20.1
_二期_供水泵房_5#加压泵__温度_通道6_反馈,2025-02-28 03:09:22,0,192,20.1
_二期_供水泵房_5#加压泵__温度_通道6_反馈,2025-02-28 03:09:23,0,192,20.1
_二期_供水泵房_5#加压泵__温度_通道6_反馈,2025-02-28 03:09:24,0,192,20.1
_二期_供水泵房_5#加压泵__温度_通道6_反馈,2025-02-28 03:09:25,0,192,20.1
_二期_供水泵房_5#加压泵__温度_通道6_反馈,2025-02-28 03:09:26,0,192,20.1
_二期_供水泵房_5#加压泵__温度_通道6_反馈,2025-02-28 03:09:27,0,192,20.1
_二期_供水泵房_5#加压泵__温度_通道6_反馈,2025-02-28 03:09:28,0,192,20.1
_二期_供水泵房_5#加压泵__温度_通道6_反馈,2025-02-28 03:09:29,0,192,20.1
_二期_供水泵房_5#加压泵__温度_通道6_反馈,2025-02-28 03:09:30,0,192,20.1
_二期_供水泵房_5#加压泵__温度_通道6_反馈,2025-02-28 03:09:31,0,192,20.1
_二期_供水泵房_5#加压泵__温度_通道6_反馈,2025-02-28 03:09:32,0,192,20.1
_二期_供水泵房_5#加压泵__温度_通道6_反馈,2025-02-28 03:09:33,0,192,20.1
_二期_供水泵房_5#加压泵__温度_通道6_反馈,2025-02-28 03:09:34,0,192,20.1
_二期_供水泵房_5#加压泵__温度_通道6_反馈,2025-02-28 03:09:35,0,192,20.1
_二期_供水泵房_5#加压泵__温度_通道6_反馈,2025-02-28 03:09:36,0,192,20.1
_二期_供水泵房_5#加压泵__温度_通道6_反馈,2025-02-28 03:09:37,0,192,20.1
_二期_供水泵房_5#加压泵__温度_通道6_反馈,2025-02-28 03:09:38,0,192,20.1
_二期_供水泵房_5#加压泵__温度_通道6_反馈,2025-02-28 03:09:39,0,192,20.1
_二期_供水泵房_5#加压泵__温度_通道6_反馈,2025-02-28 03:09:40,0,192,20.1
_二期_供水泵房_5#加压泵__温度_通道6_反馈,2025-02-28 03:09:41,0,192,20.1
_二期_供水泵房_5#加压泵__温度_通道6_反馈,2025-02-28 03:09:42,0,192,20.1
_二期_供水泵房_5#加压泵__温度_通道6_反馈,2025-02-28 03:09:43,0,192,20.1
_二期_供水泵房_5#加压泵__温度_通道6_反馈,2025-02-28 03:09:44,0,192,20.1
_二期_供水泵房_5#加压泵__温度_通道6_反馈,2025-02-28 03:09:45,0,192,20.1
_二期_供水泵房_5#加压泵__温度_通道6_反馈,2025-02-28 03:09:46,0,192,20.1
_二期_供水泵房_5#加压泵__温度_通道6_反馈,2025-02-28 03:09:47,0,192,20.1
_二期_供水泵房_5#加压泵__温度_通道6_反馈,2025-02-28 03:09:48,0,192,20.1
_二期_供水泵房_5#加压泵__温度_通道6_反馈,2025-02-28 03:09:49,0,192,20.1
_二期_供水泵房_5#加压泵__温度_通道6_反馈,2025-02-28 03:09:50,0,192,20.1
_二期_供水泵房_5#加压泵__温度_通道6_反馈,2025-02-28 03:09:51,0,192,20.1
_二期_供水泵房_5#加压泵__温度_通道6_反馈,2025-02-28 03:09:52,0,192,20.1
_二期_供水泵房_5#加压泵__温度_通道6_反馈,2025-02-28 03:09:53,0,192,20.1
_二期_供水泵房_5#加压泵__温度_通道6_反馈,2025-02-28 03:09:54,0,192,20.1
_二期_供水泵房_5#加压泵__温度_通道6_反馈,2025-02-28 03:09:55,0,192,20.1
_二期_供水泵房_5#加压泵__温度_通道6_反馈,2025-02-28 03:09:56,0,192,20.1
_二期_供水泵房_5#加压泵__温度_通道6_反馈,2025-02-28 03:09:57,0,192,20.1
_二期_供水泵房_5#加压泵__温度_通道6_反馈,2025-02-28 03:09:58,0,192,20.1
_二期_供水泵房_5#加压泵__温度_通道6_反馈,2025-02-28 03:09:59,0,192,20.1
_二期_供水泵房_5#加压泵__温度_通道6_反馈,2025-02-28 03:10:00,0,192,20.1
_二期_供水泵房_5#加压泵__温度_通道6_反馈,2025-02-28 03:10:01,0,192,20.1
_二期_供水泵房_5#加压泵__温度_通道6_反馈,2025-02-28 03:10:02,0,192,20.1
_二期_供水泵房_5#加压泵__温度_通道6_反馈,2025-02-28 03:10:03,0,192,20.1
_二期_供水泵房_5#加压泵__温度_通道6_反馈,2025-02-28 03:10:04,0,192,20.1
_二期_供水泵房_5#加压泵__温度_通道6_反馈,2025-02-28 03:10:05,0,192,20.1
_二期_供水泵房_5#加压泵__温度_通道6_反馈,2025-02-28 03:10:06,0,192,20.1
_二期_供水泵房_5#加压泵__温度_通道6_反馈,2025-02-28 03:10:07,0,192,20.1
_二期_供水泵房_5#加压泵__温度_通道6_反馈,2025-02-28 03:10:08,0,192,20.1
_二期_供水泵房_5#加压泵__温度_通道6_反馈,2025-02-28 03:10:09,0,192,20.1
_二期_供水泵房_5#加压泵__温度_通道6_反馈,2025-02-28 03:10:10,0,192,20.1
_二期_供水泵房_5#加压泵__温度_通道6_反馈,2025-02-28 03:10:11,0,192,20.1
_二期_供水泵房_5#加压泵__温度_通道6_反馈,2025-02-28 03:10:12,0,192,20.1
_二期_供水泵房_5#加压泵__温度_通道6_反馈,2025-02-28 03:10:13,0,192,20.1
_二期_供水泵房_5#加压泵__温度_通道6_反馈,2025-02-28 03:10:14,0,192,20.1
_二期_供水泵房_5#加压泵__温度_通道6_反馈,2025-02-28 03:10:15,0,192,20.1
_二期_供水泵房_5#加压泵__温度_通道6_反馈,2025-02-28 03:10:16,0,192,20.1
_二期_供水泵房_5#加压泵__温度_通道6_反馈,2025-02-28 03:10:17,0,192,20.1
_二期_供水泵房_5#加压泵__温度_通道6_反馈,2025-02-28 03:10:18,0,192,20.1
_二期_供水泵房_5#加压泵__温度_通道6_反馈,2025-02-28 03:10:19,0,192,20.1
_二期_供水泵房_5#加压泵__温度_通道6_反馈,2025-02-28 03:10:20,0,192,20.1
_二期_供水泵房_5#加压泵__温度_通道6_反馈,2025-02-28 03:10:21,0,192,20.1
_二期_供水泵房_5#加压泵__温度_通道6_反馈,2025-02-28 03:10:22,0,192,20.1
_二期_供水泵房_5#加压泵__温度_通道6_反馈,2025-02-28 03:10:23,0,192,20.1
_二期_供水泵房_5#加压泵__温度_通道6_反馈,2025-02-28 03:10:24,0,192,20.1
_二期_供水泵房_5#加压泵__温度_通道6_反馈,2025-02-28 03:10:25,0,192,20.1
_二期_供水泵房_5#加压泵__温度_通道6_反馈,2025-02-28 03:10:26,0,192,20.1
_二期_供水泵房_5#加压泵__温度_通道6_反馈,2025-02-28 03:10:27,0,192,20.1
_二期_供水泵房_5#加压泵__温度_通道6_反馈,2025-02-28 03:10:28,0,192,20.1
_二期_供水泵房_5#加压泵__温度_通道6_反馈,2025-02-28 03:10:29,0,192,20.1
_二期_供水泵房_5#加压泵__温度_通道6_反馈,2025-02-28 03:10:30,0,192,20.1
_二期_供水泵房_5#加压泵__温度_通道6_反馈,2025-02-28 03:10:31,0,192,20.1
_二期_供水泵房_5#加压泵__温度_通道6_反馈,2025-02-28 03:10:32,0,192,20.1
_二期_供水泵房_5#加压泵__温度_通道6_反馈,2025-02-28 03:10:33,0,192,20.1
_二期_供水泵房_5#加压泵__温度_通道6_反馈,2025-02-28 03:10:34,0,192,20.1
_二期_供水泵房_5#加压泵__温度_通道6_反馈,2025-02-28 03:10:35,0,192,20.1
_二期_供水泵房_5#加压泵__温度_通道6_反馈,2025-02-28 03:10:36,0,192,20.1
_二期_供水泵房_5#加压泵__温度_通道6_反馈,2025-02-28 03:10:37,0,192,20.1
_二期_供水泵房_5#加压泵__温度_通道6_反馈,2025-02-28 03:10:38,0,192,20.1
_二期_供水泵房_5#加压泵__温度_通道6_反馈,2025-02-28 03:10:39,0,192,20.1
_二期_供水泵房_5#加压泵__温度_通道6_反馈,2025-02-28 03:10:40,0,192,20.1
_二期_供水泵房_5#加压泵__温度_通道6_反馈,2025-02-28 03:10:41,0,192,20.1
_二期_供水泵房_5#加压泵__温度_通道6_反馈,2025-02-28 03:10:42,0,192,20.1
_二期_供水泵房_5#加压泵__温度_通道6_反馈,2025-02-28 03:10:43,0,192,20.1
_二期_供水泵房_5#加压泵__温度_通道6_反馈,2025-02-28 03:10:44,0,192,20.1
_二期_供水泵房_5#加压泵__温度_通道6_反馈,2025-02-28 03:10:45,0,192,20.1
_二期_供水泵房_5#加压泵__温度_通道6_反馈,2025-02-28 03:10:46,0,192,20.1
_二期_供水泵房_5#加压泵__温度_通道6_反馈,2025-02-28 03:10:47,0,192,20.1
_二期_供水泵房_5#加压泵__温度_通道6_反馈,2025-02-28 03:10:48,0,192,20.1
_二期_供水泵房_5#加压泵__温度_通道6_反馈,2025-02-28 03:10:49,0,192,20.1
_二期_供水泵房_5#加压泵__温度_通道6_反馈,2025-02-28 03:10:50,0,192,20.1
_二期_供水泵房_5#加压泵__温度_通道6_反馈,2025-02-28 03:10:51,0,192,20.1
_二期_供水泵房_5#加压泵__温度_通道6_反馈,2025-02-28 03:10:52,0,192,20.1
_二期_供水泵房_5#加压泵__温度_通道6_反馈,2025-02-28 03:10:53,0,192,20.1
_二期_供水泵房_5#加压泵__温度_通道6_反馈,2025-02-28 03:10:54,0,192,20.1
_二期_供水泵房_5#加压泵__温度_通道6_反馈,2025-02-28 03:10:55,0,192,20.1
_二期_供水泵房_5#加压泵__温度_通道6_反馈,2025-02-28 03:10:56,0,192,20.1
_二期_供水泵房_5#加压泵__温度_通道6_反馈,2025-02-28 03:10:57,0,192,20.1
_二期_供水泵房_5#加压泵__温度_通道6_反馈,2025-02-28 03:10:58,0,192,20.1
_二期_供水泵房_5#加压泵__温度_通道6_反馈,2025-02-28 03:10:59,0,192,20.1
_二期_供水泵房_5#加压泵__温度_通道6_反馈,2025-02-28 03:11:00,0,192,20.1
_二期_供水泵房_5#加压泵__温度_通道6_反馈,2025-02-28 03:11:01,0,192,20.1
_二期_供水泵房_5#加压泵__温度_通道6_反馈,2025-02-28 03:11:02,0,192,20.1
_二期_供水泵房_5#加压泵__温度_通道6_反馈,2025-02-28 03:11:03,0,192,20.1
_二期_供水泵房_5#加压泵__温度_通道6_反馈,2025-02-28 03:11:04,0,192,20.1
_二期_供水泵房_5#加压泵__温度_通道6_反馈,2025-02-28 03:11:05,0,192,20.1
_二期_供水泵房_5#加压泵__温度_通道6_反馈,2025-02-28 03:11:06,0,192,20.1
_二期_供水泵房_5#加压泵__温度_通道6_反馈,2025-02-28 03:11:07,0,192,20.1
_二期_供水泵房_5#加压泵__温度_通道6_反馈,2025-02-28 03:11:08,0,192,20.1
_二期_供水泵房_5#加压泵__温度_通道6_反馈,2025-02-28 03:11:09,0,192,20.1
_二期_供水泵房_5#加压泵__温度_通道6_反馈,2025-02-28 03:11:10,0,192,20.1
_二期_供水泵房_5#加压泵__温度_通道6_反馈,2025-02-28 03:11:11,0,192,20.1
_二期_供水泵房_5#加压泵__温度_通道6_反馈,2025-02-28 03:11:12,0,192,20.1
_二期_供水泵房_5#加压泵__温度_通道6_反馈,2025-02-28 03:11:13,0,192,20.1
_二期_供水泵房_5#加压泵__温度_通道6_反馈,2025-02-28 03:11:14,0,192,20.1
_二期_供水泵房_5#加压泵__温度_通道6_反馈,2025-02-28 03:11:15,0,192,20.1
_二期_供水泵房_5#加压泵__温度_通道6_反馈,2025-02-28 03:11:16,0,192,20.1
_二期_供水泵房_5#加压泵__温度_通道6_反馈,2025-02-28 03:11:17,0,192,20.1
_二期_供水泵房_5#加压泵__温度_通道6_反馈,2025-02-28 03:11:18,0,192,20.1
_二期_供水泵房_5#加压泵__温度_通道6_反馈,2025-02-28 03:11:19,0,192,20.1
_二期_供水泵房_5#加压泵__温度_通道6_反馈,2025-02-28 03:11:20,0,192,20.1
_二期_供水泵房_5#加压泵__温度_通道6_反馈,2025-02-28 03:11:21,0,192,20.1
_二期_供水泵房_5#加压泵__温度_通道6_反馈,2025-02-28 03:11:22,0,192,20.1
_二期_供水泵房_5#加压泵__温度_通道6_反馈,2025-02-28 03:11:23,0,192,20.1
_二期_供水泵房_5#加压泵__温度_通道6_反馈,2025-02-28 03:11:24,0,192,20.1
_二期_供水泵房_5#加压泵__温度_通道6_反馈,2025-02-28 03:11:25,0,192,20.1
_二期_供水泵房_5#加压泵__温度_通道6_反馈,2025-02-28 03:11:26,0,192,20.1
_二期_供水泵房_5#加压泵__温度_通道6_反馈,2025-02-28 03:11:27,0,192,20.1
_二期_供水泵房_5#加压泵__温度_通道6_反馈,2025-02-28 03:11:28,0,192,20.1
_二期_供水泵房_5#加压泵__温度_通道6_反馈,2025-02-28 03:11:29,0,192,20.1
_二期_供水泵房_5#加压泵__温度_通道6_反馈,2025-02-28 03:11:30,0,192,20.1
_二期_供水泵房_5#加压泵__温度_通道6_反馈,2025-02-28 03:11:31,0,192,20.1
_二期_供水泵房_5#加压泵__温度_通道6_反馈,2025-02-28 03:11:32,0,192,20.1
_二期_供水泵房_5#加压泵__温度_通道6_反馈,2025-02-28 03:11:33,0,192,20.1
_二期_供水泵房_5#加压泵__温度_通道6_反馈,2025-02-28 03:11:34,0,192,20.1
_二期_供水泵房_5#加压泵__温度_通道6_反馈,2025-02-28 03:11:35,0,192,20.1
_二期_供水泵房_5#加压泵__温度_通道6_反馈,2025-02-28 03:11:36,0,192,20.1
_二期_供水泵房_5#加压泵__温度_通道6_反馈,2025-02-28 03:11:37,0,192,20.1
_二期_供水泵房_5#加压泵__温度_通道6_反馈,2025-02-28 03:11:38,0,192,20.1
_二期_供水泵房_5#加压泵__温度_通道6_反馈,2025-02-28 03:11:39,0,192,20.1
_二期_供水泵房_5#加压泵__温度_通道6_反馈,2025-02-28 03:11:40,0,192,20.1
_二期_供水泵房_5#加压泵__温度_通道6_反馈,2025-02-28 03:11:41,0,192,20.1
_二期_供水泵房_5#加压泵__温度_通道6_反馈,2025-02-28 03:11:42,0,192,20.1
_二期_供水泵房_5#加压泵__温度_通道6_反馈,2025-02-28 03:11:43,0,192,20.1
_二期_供水泵房_5#加压泵__温度_通道6_反馈,2025-02-28 03:11:44,0,192,20.1
_二期_供水泵房_5#加压泵__温度_通道6_反馈,2025-02-28 03:11:45,0,192,20.1
_二期_供水泵房_5#加压泵__温度_通道6_反馈,2025-02-28 03:11:46,0,192,20.1
_二期_供水泵房_5#加压泵__温度_通道6_反馈,2025-02-28 03:11:47,0,192,20.1
_二期_供水泵房_5#加压泵__温度_通道6_反馈,2025-02-28 03:11:48,0,192,20.1
_二期_供水泵房_5#加压泵__温度_通道6_反馈,2025-02-28 03:11:49,0,192,20.1
_二期_供水泵房_5#加压泵__温度_通道6_反馈,2025-02-28 03:11:50,0,192,20.1
_二期_供水泵房_5#加压泵__温度_通道6_反馈,2025-02-28 03:11:51,0,192,20.1
_二期_供水泵房_5#加压泵__温度_通道6_反馈,2025-02-28 03:11:52,0,192,20.1
_二期_供水泵房_5#加压泵__温度_通道6_反馈,2025-02-28 03:11:53,0,192,20.1
_二期_供水泵房_5#加压泵__温度_通道6_反馈,2025-02-28 03:11:54,0,192,20.1
_二期_供水泵房_5#加压泵__温度_通道6_反馈,2025-02-28 03:11:55,0,192,20.1
_二期_供水泵房_5#加压泵__温度_通道6_反馈,2025-02-28 03:11:56,0,192,20.1
_二期_供水泵房_5#加压泵__温度_通道6_反馈,2025-02-28 03:11:57,0,192,20.1
_二期_供水泵房_5#加压泵__温度_通道6_反馈,2025-02-28 03:11:58,0,192,20.1
_二期_供水泵房_5#加压泵__温度_通道6_反馈,2025-02-28 03:11:59,0,192,20.1
_二期_供水泵房_5#加压泵__温度_通道6_反馈,2025-02-28 03:12:00,0,192,20.1
_二期_供水泵房_5#加压泵__温度_通道6_反馈,2025-02-28 03:12:01,0,192,20.1
_二期_供水泵房_5#加压泵__温度_通道6_反馈,2025-02-28 03:12:02,0,192,20.1
_二期_供水泵房_5#加压泵__温度_通道6_反馈,2025-02-28 03:12:03,0,192,20.1
_二期_供水泵房_5#加压泵__温度_通道6_反馈,2025-02-28 03:12:04,0,192,20.1
_二期_供水泵房_5#加压泵__温度_通道6_反馈,2025-02-28 03:12:05,0,192,20.1
_二期_供水泵房_5#加压泵__温度_通道6_反馈,2025-02-28 03:12:06,0,192,20.1
_二期_供水泵房_5#加压泵__温度_通道6_反馈,2025-02-28 03:12:07,0,192,20.1
_二期_供水泵房_5#加压泵__温度_通道6_反馈,2025-02-28 03:12:08,0,192,20.1
_二期_供水泵房_5#加压泵__温度_通道6_反馈,2025-02-28 03:12:09,0,192,20.1
_二期_供水泵房_5#加压泵__温度_通道6_反馈,2025-02-28 03:12:10,0,192,20.1
_二期_供水泵房_5#加压泵__温度_通道6_反馈,2025-02-28 03:12:11,0,192,20.1
_二期_供水泵房_5#加压泵__温度_通道6_反馈,2025-02-28 03:12:12,0,192,20.1
_二期_供水泵房_5#加压泵__温度_通道6_反馈,2025-02-28 03:12:13,0,192,20.1
_二期_供水泵房_5#加压泵__温度_通道6_反馈,2025-02-28 03:12:14,0,192,20.1
_二期_供水泵房_5#加压泵__温度_通道6_反馈,2025-02-28 03:12:15,0,192,20.1
_二期_供水泵房_5#加压泵__温度_通道6_反馈,2025-02-28 03:12:16,0,192,20.1
_二期_供水泵房_5#加压泵__温度_通道6_反馈,2025-02-28 03:12:17,0,192,20.1
_二期_供水泵房_5#加压泵__温度_通道6_反馈,2025-02-28 03:12:18,0,192,20.1
_二期_供水泵房_5#加压泵__温度_通道6_反馈,2025-02-28 03:12:19,0,192,20.1
_二期_供水泵房_5#加压泵__温度_通道6_反馈,2025-02-28 03:12:20,0,192,20.1
_二期_供水泵房_5#加压泵__温度_通道6_反馈,2025-02-28 03:12:21,0,192,20.1
_二期_供水泵房_5#加压泵__温度_通道6_反馈,2025-02-28 03:12:22,0,192,20.1
_二期_供水泵房_5#加压泵__温度_通道6_反馈,2025-02-28 03:12:23,0,192,20.1
_二期_供水泵房_5#加压泵__温度_通道6_反馈,2025-02-28 03:12:24,0,192,20.1
_二期_供水泵房_5#加压泵__温度_通道6_反馈,2025-02-28 03:12:25,0,192,20.1
_二期_供水泵房_5#加压泵__温度_通道6_反馈,2025-02-28 03:12:26,0,192,20.1
_二期_供水泵房_5#加压泵__温度_通道6_反馈,2025-02-28 03:12:27,0,192,20.1
_二期_供水泵房_5#加压泵__温度_通道6_反馈,2025-02-28 03:12:28,0,192,20.1
_二期_供水泵房_5#加压泵__温度_通道6_反馈,2025-02-28 03:12:29,0,192,20.1
_二期_供水泵房_5#加压泵__温度_通道6_反馈,2025-02-28 03:12:30,0,192,20.1
_二期_供水泵房_5#加压泵__温度_通道6_反馈,2025-02-28 03:12:31,0,192,20.1
_二期_供水泵房_5#加压泵__温度_通道6_反馈,2025-02-28 03:12:32,0,192,20.1
_二期_供水泵房_5#加压泵__温度_通道6_反馈,2025-02-28 03:12:33,0,192,20.1
_二期_供水泵房_5#加压泵__温度_通道6_反馈,2025-02-28 03:12:34,0,192,20.1
_二期_供水泵房_5#加压泵__温度_通道6_反馈,2025-02-28 03:12:35,0,192,20.1
_二期_供水泵房_5#加压泵__温度_通道6_反馈,2025-02-28 03:12:36,0,192,20.1
_二期_供水泵房_5#加压泵__温度_通道6_反馈,2025-02-28 03:12:37,0,192,20.1
_二期_供水泵房_5#加压泵__温度_通道6_反馈,2025-02-28 03:12:38,0,192,20.1
_二期_供水泵房_5#加压泵__温度_通道6_反馈,2025-02-28 03:12:39,0,192,20.1
_二期_供水泵房_5#加压泵__温度_通道6_反馈,2025-02-28 03:12:40,0,192,20.1
_二期_供水泵房_5#加压泵__温度_通道6_反馈,2025-02-28 03:12:41,0,192,20.1
_二期_供水泵房_5#加压泵__温度_通道6_反馈,2025-02-28 03:12:42,0,192,20.1
_二期_供水泵房_5#加压泵__温度_通道6_反馈,2025-02-28 03:12:43,0,192,20.1
_二期_供水泵房_5#加压泵__温度_通道6_反馈,2025-02-28 03:12:44,0,192,20.1
_二期_供水泵房_5#加压泵__温度_通道6_反馈,2025-02-28 03:12:45,0,192,20.1
_二期_供水泵房_5#加压泵__温度_通道6_反馈,2025-02-28 03:12:46,0,192,20.1
_二期_供水泵房_5#加压泵__温度_通道6_反馈,2025-02-28 03:12:47,0,192,20.1
_二期_供水泵房_5#加压泵__温度_通道6_反馈,2025-02-28 03:12:48,0,192,20.1
_二期_供水泵房_5#加压泵__温度_通道6_反馈,2025-02-28 03:12:49,0,192,20.1
_二期_供水泵房_5#加压泵__温度_通道6_反馈,2025-02-28 03:12:50,0,192,20.1
_二期_供水泵房_5#加压泵__温度_通道6_反馈,2025-02-28 03:12:51,0,192,20.1
_二期_供水泵房_5#加压泵__温度_通道6_反馈,2025-02-28 03:12:52,0,192,20.1
_二期_供水泵房_5#加压泵__温度_通道6_反馈,2025-02-28 03:12:53,0,192,20.1
_二期_供水泵房_5#加压泵__温度_通道6_反馈,2025-02-28 03:12:54,0,192,20.1
_二期_供水泵房_5#加压泵__温度_通道6_反馈,2025-02-28 03:12:55,0,192,20.1
_二期_供水泵房_5#加压泵__温度_通道6_反馈,2025-02-28 03:12:56,0,192,20.1
_二期_供水泵房_5#加压泵__温度_通道6_反馈,2025-02-28 03:12:57,0,192,20.1
_二期_供水泵房_5#加压泵__温度_通道6_反馈,2025-02-28 03:12:58,0,192,20.1
_二期_供水泵房_5#加压泵__温度_通道6_反馈,2025-02-28 03:12:59,0,192,20.1
_二期_供水泵房_5#加压泵__温度_通道6_反馈,2025-02-28 03:13:00,0,192,20.1
_二期_供水泵房_5#加压泵__温度_通道6_反馈,2025-02-28 03:13:01,0,192,20.1
_二期_供水泵房_5#加压泵__温度_通道6_反馈,2025-02-28 03:13:02,0,192,20.1
_二期_供水泵房_5#加压泵__温度_通道6_反馈,2025-02-28 03:13:03,0,192,20.1
_二期_供水泵房_5#加压泵__温度_通道6_反馈,2025-02-28 03:13:04,0,192,20.1
_二期_供水泵房_5#加压泵__温度_通道6_反馈,2025-02-28 03:13:05,0,192,20.1
_二期_供水泵房_5#加压泵__温度_通道6_反馈,2025-02-28 03:13:06,0,192,20.1
_二期_供水泵房_5#加压泵__温度_通道6_反馈,2025-02-28 03:13:07,0,192,20.1
_二期_供水泵房_5#加压泵__温度_通道6_反馈,2025-02-28 03:13:08,0,192,20.1
_二期_供水泵房_5#加压泵__温度_通道6_反馈,2025-02-28 03:13:09,0,192,20.1
_二期_供水泵房_5#加压泵__温度_通道6_反馈,2025-02-28 03:13:10,0,192,20.1
_二期_供水泵房_5#加压泵__温度_通道6_反馈,2025-02-28 03:13:11,0,192,20.1
_二期_供水泵房_5#加压泵__温度_通道6_反馈,2025-02-28 03:13:12,0,192,20.1
_二期_供水泵房_5#加压泵__温度_通道6_反馈,2025-02-28 03:13:13,0,192,20.1
_二期_供水泵房_5#加压泵__温度_通道6_反馈,2025-02-28 03:13:14,0,192,20.1
_二期_供水泵房_5#加压泵__温度_通道6_反馈,2025-02-28 03:13:15,0,192,20.1
_二期_供水泵房_5#加压泵__温度_通道6_反馈,2025-02-28 03:13:16,0,192,20.1
_二期_供水泵房_5#加压泵__温度_通道6_反馈,2025-02-28 03:13:17,0,192,20.1
_二期_供水泵房_5#加压泵__温度_通道6_反馈,2025-02-28 03:13:18,0,192,20.1
_二期_供水泵房_5#加压泵__温度_通道6_反馈,2025-02-28 03:13:19,0,192,20.1
_二期_供水泵房_5#加压泵__温度_通道6_反馈,2025-02-28 03:13:20,0,192,20.1
_二期_供水泵房_5#加压泵__温度_通道6_反馈,2025-02-28 03:13:21,0,192,20.1
_二期_供水泵房_5#加压泵__温度_通道6_反馈,2025-02-28 03:13:22,0,192,20.1
_二期_供水泵房_5#加压泵__温度_通道6_反馈,2025-02-28 03:13:23,0,192,20.1
_二期_供水泵房_5#加压泵__温度_通道6_反馈,2025-02-28 03:13:24,0,192,20.1
_二期_供水泵房_5#加压泵__温度_通道6_反馈,2025-02-28 03:13:25,0,192,20.1
_二期_供水泵房_5#加压泵__温度_通道6_反馈,2025-02-28 03:13:26,0,192,20.1
_二期_供水泵房_5#加压泵__温度_通道6_反馈,2025-02-28 03:13:27,0,192,20.1
_二期_供水泵房_5#加压泵__温度_通道6_反馈,2025-02-28 03:13:28,0,192,20.1
_二期_供水泵房_5#加压泵__温度_通道6_反馈,2025-02-28 03:13:29,0,192,20.1
_二期_供水泵房_5#加压泵__温度_通道6_反馈,2025-02-28 03:13:30,0,192,20.1
_二期_供水泵房_5#加压泵__温度_通道6_反馈,2025-02-28 03:13:31,0,192,20.1
_二期_供水泵房_5#加压泵__温度_通道6_反馈,2025-02-28 03:13:32,0,192,20.1
_二期_供水泵房_5#加压泵__温度_通道6_反馈,2025-02-28 03:13:33,0,192,20.1
_二期_供水泵房_5#加压泵__温度_通道6_反馈,2025-02-28 03:13:34,0,192,20.1
_二期_供水泵房_5#加压泵__温度_通道6_反馈,2025-02-28 03:13:35,0,192,20.1
_二期_供水泵房_5#加压泵__温度_通道6_反馈,2025-02-28 03:13:36,0,192,20.1
_二期_供水泵房_5#加压泵__温度_通道6_反馈,2025-02-28 03:13:37,0,192,20.1
_二期_供水泵房_5#加压泵__温度_通道6_反馈,2025-02-28 03:13:38,0,192,20.1
_二期_供水泵房_5#加压泵__温度_通道6_反馈,2025-02-28 03:13:39,0,192,20.1
_二期_供水泵房_5#加压泵__温度_通道6_反馈,2025-02-28 03:13:40,0,192,20.1
_二期_供水泵房_5#加压泵__温度_通道6_反馈,2025-02-28 03:13:41,0,192,20.1
_二期_供水泵房_5#加压泵__温度_通道6_反馈,2025-02-28 03:13:42,0,192,20.1
_二期_供水泵房_5#加压泵__温度_通道6_反馈,2025-02-28 03:13:43,0,192,20.1
_二期_供水泵房_5#加压泵__温度_通道6_反馈,2025-02-28 03:13:44,0,192,20.1
_二期_供水泵房_5#加压泵__温度_通道6_反馈,2025-02-28 03:13:45,0,192,20.1
_二期_供水泵房_5#加压泵__温度_通道6_反馈,2025-02-28 03:13:46,0,192,20.1
_二期_供水泵房_5#加压泵__温度_通道6_反馈,2025-02-28 03:13:47,0,192,20.1
_二期_供水泵房_5#加压泵__温度_通道6_反馈,2025-02-28 03:13:48,0,192,20.1
_二期_供水泵房_5#加压泵__温度_通道6_反馈,2025-02-28 03:13:49,0,192,20.1
_二期_供水泵房_5#加压泵__温度_通道6_反馈,2025-02-28 03:13:50,0,192,20.1
_二期_供水泵房_5#加压泵__温度_通道6_反馈,2025-02-28 03:13:51,0,192,20.1
_二期_供水泵房_5#加压泵__温度_通道6_反馈,2025-02-28 03:13:52,0,192,20.1
_二期_供水泵房_5#加压泵__温度_通道6_反馈,2025-02-28 03:13:53,0,192,20.1
_二期_供水泵房_5#加压泵__温度_通道6_反馈,2025-02-28 03:13:54,0,192,20.1
_二期_供水泵房_5#加压泵__温度_通道6_反馈,2025-02-28 03:13:55,0,192,20.1
_二期_供水泵房_5#加压泵__温度_通道6_反馈,2025-02-28 03:13:56,0,192,20.1
_二期_供水泵房_5#加压泵__温度_通道6_反馈,2025-02-28 03:13:57,0,192,20.1
_二期_供水泵房_5#加压泵__温度_通道6_反馈,2025-02-28 03:13:58,0,192,20.1
_二期_供水泵房_5#加压泵__温度_通道6_反馈,2025-02-28 03:13:59,0,192,20.1
_二期_供水泵房_5#加压泵__温度_通道6_反馈,2025-02-28 03:14:00,0,192,20.1
_二期_供水泵房_5#加压泵__温度_通道6_反馈,2025-02-28 03:14:01,0,192,20.1
_二期_供水泵房_5#加压泵__温度_通道6_反馈,2025-02-28 03:14:02,0,192,20.1
_二期_供水泵房_5#加压泵__温度_通道6_反馈,2025-02-28 03:14:03,0,192,20.1
_二期_供水泵房_5#加压泵__温度_通道6_反馈,2025-02-28 03:14:04,0,192,20.1
_二期_供水泵房_5#加压泵__温度_通道6_反馈,2025-02-28 03:14:05,0,192,20.1
_二期_供水泵房_5#加压泵__温度_通道6_反馈,2025-02-28 03:14:06,0,192,20.1
_二期_供水泵房_5#加压泵__温度_通道6_反馈,2025-02-28 03:14:07,0,192,20.1
_二期_供水泵房_5#加压泵__温度_通道6_反馈,2025-02-28 03:14:08,0,192,20.1
_二期_供水泵房_5#加压泵__温度_通道6_反馈,2025-02-28 03:14:09,0,192,20.1
_二期_供水泵房_5#加压泵__温度_通道6_反馈,2025-02-28 03:14:10,0,192,20.1
_二期_供水泵房_5#加压泵__温度_通道6_反馈,2025-02-28 03:14:11,0,192,20.1
_二期_供水泵房_5#加压泵__温度_通道6_反馈,2025-02-28 03:14:12,0,192,20.1
_二期_供水泵房_5#加压泵__温度_通道6_反馈,2025-02-28 03:14:13,0,192,20.1
_二期_供水泵房_5#加压泵__温度_通道6_反馈,2025-02-28 03:14:14,0,192,20.1
_二期_供水泵房_5#加压泵__温度_通道6_反馈,2025-02-28 03:14:15,0,192,20.1
_二期_供水泵房_5#加压泵__温度_通道6_反馈,2025-02-28 03:14:16,0,192,20.1
_二期_供水泵房_5#加压泵__温度_通道6_反馈,2025-02-28 03:14:17,0,192,20.1
_二期_供水泵房_5#加压泵__温度_通道6_反馈,2025-02-28 03:14:18,0,192,20.1
_二期_供水泵房_5#加压泵__温度_通道6_反馈,2025-02-28 03:14:19,0,192,20.1
_二期_供水泵房_5#加压泵__温度_通道6_反馈,2025-02-28 03:14:20,0,192,20.1
_二期_供水泵房_5#加压泵__温度_通道6_反馈,2025-02-28 03:14:21,0,192,20.1
_二期_供水泵房_5#加压泵__温度_通道6_反馈,2025-02-28 03:14:22,0,192,20.1
_二期_供水泵房_5#加压泵__温度_通道6_反馈,2025-02-28 03:14:23,0,192,20.1
_二期_供水泵房_5#加压泵__温度_通道6_反馈,2025-02-28 03:14:24,0,192,20.1
_二期_供水泵房_5#加压泵__温度_通道6_反馈,2025-02-28 03:14:25,0,192,20.1
_二期_供水泵房_5#加压泵__温度_通道6_反馈,2025-02-28 03:14:26,0,192,20.1
_二期_供水泵房_5#加压泵__温度_通道6_反馈,2025-02-28 03:14:27,0,192,20.1
_二期_供水泵房_5#加压泵__温度_通道6_反馈,2025-02-28 03:14:28,0,192,20.1
_二期_供水泵房_5#加压泵__温度_通道6_反馈,2025-02-28 03:14:29,0,192,20.1
_二期_供水泵房_5#加压泵__温度_通道6_反馈,2025-02-28 03:14:30,0,192,20.1
_二期_供水泵房_5#加压泵__温度_通道6_反馈,2025-02-28 03:14:31,0,192,20.1
_二期_供水泵房_5#加压泵__温度_通道6_反馈,2025-02-28 03:14:32,0,192,20.1
_二期_供水泵房_5#加压泵__温度_通道6_反馈,2025-02-28 03:14:33,0,192,20.1
_二期_供水泵房_5#加压泵__温度_通道6_反馈,2025-02-28 03:14:34,0,192,20.1
_二期_供水泵房_5#加压泵__温度_通道6_反馈,2025-02-28 03:14:35,0,192,20.1
_二期_供水泵房_5#加压泵__温度_通道6_反馈,2025-02-28 03:14:36,0,192,20.1
_二期_供水泵房_5#加压泵__温度_通道6_反馈,2025-02-28 03:14:37,0,192,20.1
_二期_供水泵房_5#加压泵__温度_通道6_反馈,2025-02-28 03:14:38,0,192,20.1
_二期_供水泵房_5#加压泵__温度_通道6_反馈,2025-02-28 03:14:39,0,192,20.1
_二期_供水泵房_5#加压泵__温度_通道6_反馈,2025-02-28 03:14:40,0,192,20.1
_二期_供水泵房_5#加压泵__温度_通道6_反馈,2025-02-28 03:14:41,0,192,20.1
_二期_供水泵房_5#加压泵__温度_通道6_反馈,2025-02-28 03:14:42,0,192,20.1
_二期_供水泵房_5#加压泵__温度_通道6_反馈,2025-02-28 03:14:43,0,192,20.1
_二期_供水泵房_5#加压泵__温度_通道6_反馈,2025-02-28 03:14:44,0,192,20.1
_二期_供水泵房_5#加压泵__温度_通道6_反馈,2025-02-28 03:14:45,0,192,20.1
_二期_供水泵房_5#加压泵__温度_通道6_反馈,2025-02-28 03:14:46,0,192,20.1
_二期_供水泵房_5#加压泵__温度_通道6_反馈,2025-02-28 03:14:47,0,192,20.1
_二期_供水泵房_5#加压泵__温度_通道6_反馈,2025-02-28 03:14:48,0,192,20.1
_二期_供水泵房_5#加压泵__温度_通道6_反馈,2025-02-28 03:14:49,0,192,20.1
_二期_供水泵房_5#加压泵__温度_通道6_反馈,2025-02-28 03:14:50,0,192,20.1
_二期_供水泵房_5#加压泵__温度_通道6_反馈,2025-02-28 03:14:51,0,192,20.1
_二期_供水泵房_5#加压泵__温度_通道6_反馈,2025-02-28 03:14:52,0,192,20.1
_二期_供水泵房_5#加压泵__温度_通道6_反馈,2025-02-28 03:14:53,0,192,20.1
_二期_供水泵房_5#加压泵__温度_通道6_反馈,2025-02-28 03:14:54,0,192,20.1
_二期_供水泵房_5#加压泵__温度_通道6_反馈,2025-02-28 03:14:55,0,192,20.1
_二期_供水泵房_5#加压泵__温度_通道6_反馈,2025-02-28 03:14:56,0,192,20.1
_二期_供水泵房_5#加压泵__温度_通道6_反馈,2025-02-28 03:14:57,0,192,20.1
_二期_供水泵房_5#加压泵__温度_通道6_反馈,2025-02-28 03:14:58,0,192,20.1
_二期_供水泵房_5#加压泵__温度_通道6_反馈,2025-02-28 03:14:59,0,192,20.1
_二期_供水泵房_5#加压泵__温度_通道6_反馈,2025-02-28 03:15:00,0,192,20.1
_二期_供水泵房_5#加压泵__温度_通道6_反馈,2025-02-28 03:15:01,0,192,20.1
_二期_供水泵房_5#加压泵__温度_通道6_反馈,2025-02-28 03:15:02,0,192,20.1
_二期_供水泵房_5#加压泵__温度_通道6_反馈,2025-02-28 03:15:03,0,192,20.1
_二期_供水泵房_5#加压泵__温度_通道6_反馈,2025-02-28 03:15:04,0,192,20.1
_二期_供水泵房_5#加压泵__温度_通道6_反馈,2025-02-28 03:15:05,0,192,20.1
_二期_供水泵房_5#加压泵__温度_通道6_反馈,2025-02-28 03:15:06,0,192,20.1
_二期_供水泵房_5#加压泵__温度_通道6_反馈,2025-02-28 03:15:07,0,192,20.1
_二期_供水泵房_5#加压泵__温度_通道6_反馈,2025-02-28 03:15:08,0,192,20.1
_二期_供水泵房_5#加压泵__温度_通道6_反馈,2025-02-28 03:15:09,0,192,20.1
_二期_供水泵房_5#加压泵__温度_通道6_反馈,2025-02-28 03:15:10,0,192,20.1
_二期_供水泵房_5#加压泵__温度_通道6_反馈,2025-02-28 03:15:11,0,192,20.1
_二期_供水泵房_5#加压泵__温度_通道6_反馈,2025-02-28 03:15:12,0,192,20.1
_二期_供水泵房_5#加压泵__温度_通道6_反馈,2025-02-28 03:15:13,0,192,20.1
_二期_供水泵房_5#加压泵__温度_通道6_反馈,2025-02-28 03:15:14,0,192,20.1
_二期_供水泵房_5#加压泵__温度_通道6_反馈,2025-02-28 03:15:15,0,192,20.1
_二期_供水泵房_5#加压泵__温度_通道6_反馈,2025-02-28 03:15:16,0,192,20.1
_二期_供水泵房_5#加压泵__温度_通道6_反馈,2025-02-28 03:15:17,0,192,20.1
_二期_供水泵房_5#加压泵__温度_通道6_反馈,2025-02-28 03:15:18,0,192,20.1
_二期_供水泵房_5#加压泵__温度_通道6_反馈,2025-02-28 03:15:19,0,192,20.1
_二期_供水泵房_5#加压泵__温度_通道6_反馈,2025-02-28 03:15:20,0,192,20.1
_二期_供水泵房_5#加压泵__温度_通道6_反馈,2025-02-28 03:15:21,0,192,20.1
_二期_供水泵房_5#加压泵__温度_通道6_反馈,2025-02-28 03:15:22,0,192,20.1
_二期_供水泵房_5#加压泵__温度_通道6_反馈,2025-02-28 03:15:23,0,192,20.1
_二期_供水泵房_5#加压泵__温度_通道6_反馈,2025-02-28 03:15:24,0,192,20.1
_二期_供水泵房_5#加压泵__温度_通道6_反馈,2025-02-28 03:15:25,0,192,20.1
_二期_供水泵房_5#加压泵__温度_通道6_反馈,2025-02-28 03:15:26,0,192,20.1
_二期_供水泵房_5#加压泵__温度_通道6_反馈,2025-02-28 03:15:27,0,192,20.1
_二期_供水泵房_5#加压泵__温度_通道6_反馈,2025-02-28 03:15:28,0,192,20.1
_二期_供水泵房_5#加压泵__温度_通道6_反馈,2025-02-28 03:15:29,0,192,20.1
_二期_供水泵房_5#加压泵__温度_通道6_反馈,2025-02-28 03:15:30,0,192,20.1
_二期_供水泵房_5#加压泵__温度_通道6_反馈,2025-02-28 03:15:31,0,192,20.1
_二期_供水泵房_5#加压泵__温度_通道6_反馈,2025-02-28 03:15:32,0,192,20.1
_二期_供水泵房_5#加压泵__温度_通道6_反馈,2025-02-28 03:15:33,0,192,20.1
_二期_供水泵房_5#加压泵__温度_通道6_反馈,2025-02-28 03:15:34,0,192,20.1
_二期_供水泵房_5#加压泵__温度_通道6_反馈,2025-02-28 03:15:35,0,192,20.1
_二期_供水泵房_5#加压泵__温度_通道6_反馈,2025-02-28 03:15:36,0,192,20.1
_二期_供水泵房_5#加压泵__温度_通道6_反馈,2025-02-28 03:15:37,0,192,20.1
_二期_供水泵房_5#加压泵__温度_通道6_反馈,2025-02-28 03:15:38,0,192,20.1
_二期_供水泵房_5#加压泵__温度_通道6_反馈,2025-02-28 03:15:39,0,192,20.1
_二期_供水泵房_5#加压泵__温度_通道6_反馈,2025-02-28 03:15:40,0,192,20.1
_二期_供水泵房_5#加压泵__温度_通道6_反馈,2025-02-28 03:15:41,0,192,20.1
_二期_供水泵房_5#加压泵__温度_通道6_反馈,2025-02-28 03:15:42,0,192,20.1
_二期_供水泵房_5#加压泵__温度_通道6_反馈,2025-02-28 03:15:43,0,192,20.1
_二期_供水泵房_5#加压泵__温度_通道6_反馈,2025-02-28 03:15:44,0,192,20.1
_二期_供水泵房_5#加压泵__温度_通道6_反馈,2025-02-28 03:15:45,0,192,20.1
_二期_供水泵房_5#加压泵__温度_通道6_反馈,2025-02-28 03:15:46,0,192,20.1
_二期_供水泵房_5#加压泵__温度_通道6_反馈,2025-02-28 03:15:47,0,192,20.1
_二期_供水泵房_5#加压泵__温度_通道6_反馈,2025-02-28 03:15:48,0,192,20.1
_二期_供水泵房_5#加压泵__温度_通道6_反馈,2025-02-28 03:15:49,0,192,20.1
_二期_供水泵房_5#加压泵__温度_通道6_反馈,2025-02-28 03:15:50,0,192,20.1
_二期_供水泵房_5#加压泵__温度_通道6_反馈,2025-02-28 03:15:51,0,192,20.1
_二期_供水泵房_5#加压泵__温度_通道6_反馈,2025-02-28 03:15:52,0,192,20.1
_二期_供水泵房_5#加压泵__温度_通道6_反馈,2025-02-28 03:15:53,0,192,20.1
_二期_供水泵房_5#加压泵__温度_通道6_反馈,2025-02-28 03:15:54,0,192,20.1
_二期_供水泵房_5#加压泵__温度_通道6_反馈,2025-02-28 03:15:55,0,192,20.1
_二期_供水泵房_5#加压泵__温度_通道6_反馈,2025-02-28 03:15:56,0,192,20.1
_二期_供水泵房_5#加压泵__温度_通道6_反馈,2025-02-28 03:15:57,0,192,20.1
_二期_供水泵房_5#加压泵__温度_通道6_反馈,2025-02-28 03:15:58,0,192,20.1
_二期_供水泵房_5#加压泵__温度_通道6_反馈,2025-02-28 03:15:59,0,192,20.1
_二期_供水泵房_5#加压泵__温度_通道6_反馈,2025-02-28 03:16:00,0,192,20.1
_二期_供水泵房_5#加压泵__温度_通道6_反馈,2025-02-28 03:16:01,0,192,20.1
_二期_供水泵房_5#加压泵__温度_通道6_反馈,2025-02-28 03:16:02,0,192,20.1
_二期_供水泵房_5#加压泵__温度_通道6_反馈,2025-02-28 03:16:03,0,192,20.1
_二期_供水泵房_5#加压泵__温度_通道6_反馈,2025-02-28 03:16:04,0,192,20.1
_二期_供水泵房_5#加压泵__温度_通道6_反馈,2025-02-28 03:16:05,0,192,20.1
_二期_供水泵房_5#加压泵__温度_通道6_反馈,2025-02-28 03:16:06,0,192,20.1
_二期_供水泵房_5#加压泵__温度_通道6_反馈,2025-02-28 03:16:07,0,192,20.1
_二期_供水泵房_5#加压泵__温度_通道6_反馈,2025-02-28 03:16:08,0,192,20.1
_二期_供水泵房_5#加压泵__温度_通道6_反馈,2025-02-28 03:16:09,0,192,20.1
_二期_供水泵房_5#加压泵__温度_通道6_反馈,2025-02-28 03:16:10,0,192,20.1
_二期_供水泵房_5#加压泵__温度_通道6_反馈,2025-02-28 03:16:11,0,192,20.1
_二期_供水泵房_5#加压泵__温度_通道6_反馈,2025-02-28 03:16:12,0,192,20.1
_二期_供水泵房_5#加压泵__温度_通道6_反馈,2025-02-28 03:16:13,0,192,20.1
_二期_供水泵房_5#加压泵__温度_通道6_反馈,2025-02-28 03:16:14,0,192,20.1
_二期_供水泵房_5#加压泵__温度_通道6_反馈,2025-02-28 03:16:15,0,192,20.1
_二期_供水泵房_5#加压泵__温度_通道6_反馈,2025-02-28 03:16:16,0,192,20.1
_二期_供水泵房_5#加压泵__温度_通道6_反馈,2025-02-28 03:16:17,0,192,20.1
_二期_供水泵房_5#加压泵__温度_通道6_反馈,2025-02-28 03:16:18,0,192,20.1
_二期_供水泵房_5#加压泵__温度_通道6_反馈,2025-02-28 03:16:19,0,192,20.1
_二期_供水泵房_5#加压泵__温度_通道6_反馈,2025-02-28 03:16:20,0,192,20.1
_二期_供水泵房_5#加压泵__温度_通道6_反馈,2025-02-28 03:16:21,0,192,20.1
_二期_供水泵房_5#加压泵__温度_通道6_反馈,2025-02-28 03:16:22,0,192,20.1
_二期_供水泵房_5#加压泵__温度_通道6_反馈,2025-02-28 03:16:23,0,192,20.1
_二期_供水泵房_5#加压泵__温度_通道6_反馈,2025-02-28 03:16:24,0,192,20.1
_二期_供水泵房_5#加压泵__温度_通道6_反馈,2025-02-28 03:16:25,0,192,20.1
_二期_供水泵房_5#加压泵__温度_通道6_反馈,2025-02-28 03:16:26,0,192,20.1
_二期_供水泵房_5#加压泵__温度_通道6_反馈,2025-02-28 03:16:27,0,192,20.1
_二期_供水泵房_5#加压泵__温度_通道6_反馈,2025-02-28 03:16:28,0,192,20.1
_二期_供水泵房_5#加压泵__温度_通道6_反馈,2025-02-28 03:16:29,0,192,20.1
_二期_供水泵房_5#加压泵__温度_通道6_反馈,2025-02-28 03:16:30,0,192,20.1
_二期_供水泵房_5#加压泵__温度_通道6_反馈,2025-02-28 03:16:31,0,192,20.1
_二期_供水泵房_5#加压泵__温度_通道6_反馈,2025-02-28 03:16:32,0,192,20.1
_二期_供水泵房_5#加压泵__温度_通道6_反馈,2025-02-28 03:16:33,0,192,20.1
_二期_供水泵房_5#加压泵__温度_通道6_反馈,2025-02-28 03:16:34,0,192,20.1
_二期_供水泵房_5#加压泵__温度_通道6_反馈,2025-02-28 03:16:35,0,192,20.1
_二期_供水泵房_5#加压泵__温度_通道6_反馈,2025-02-28 03:16:36,0,192,20.1
_二期_供水泵房_5#加压泵__温度_通道6_反馈,2025-02-28 03:16:37,0,192,20.1
_二期_供水泵房_5#加压泵__温度_通道6_反馈,2025-02-28 03:16:38,0,192,20.1
_二期_供水泵房_5#加压泵__温度_通道6_反馈,2025-02-28 03:16:39,0,192,20.1
_二期_供水泵房_5#加压泵__温度_通道6_反馈,2025-02-28 03:16:40,0,192,20.1
_二期_供水泵房_5#加压泵__温度_通道6_反馈,2025-02-28 03:16:41,0,192,20.1
_二期_供水泵房_5#加压泵__温度_通道6_反馈,2025-02-28 03:16:42,0,192,20.1
_二期_供水泵房_5#加压泵__温度_通道6_反馈,2025-02-28 03:16:43,0,192,20.1
_二期_供水泵房_5#加压泵__温度_通道6_反馈,2025-02-28 03:16:44,0,192,20.1
_二期_供水泵房_5#加压泵__温度_通道6_反馈,2025-02-28 03:16:45,0,192,20.1
_二期_供水泵房_5#加压泵__温度_通道6_反馈,2025-02-28 03:16:46,0,192,20.1
_二期_供水泵房_5#加压泵__温度_通道6_反馈,2025-02-28 03:16:47,0,192,20.1
_二期_供水泵房_5#加压泵__温度_通道6_反馈,2025-02-28 03:16:48,0,192,20.1
_二期_供水泵房_5#加压泵__温度_通道6_反馈,2025-02-28 03:16:49,0,192,20.1
_二期_供水泵房_5#加压泵__温度_通道6_反馈,2025-02-28 03:16:50,0,192,20.1
_二期_供水泵房_5#加压泵__温度_通道6_反馈,2025-02-28 03:16:51,0,192,20.1
_二期_供水泵房_5#加压泵__温度_通道6_反馈,2025-02-28 03:16:52,0,192,20.1
_二期_供水泵房_5#加压泵__温度_通道6_反馈,2025-02-28 03:16:53,0,192,20.1
_二期_供水泵房_5#加压泵__温度_通道6_反馈,2025-02-28 03:16:54,0,192,20.1
_二期_供水泵房_5#加压泵__温度_通道6_反馈,2025-02-28 03:16:55,0,192,20.1
_二期_供水泵房_5#加压泵__温度_通道6_反馈,2025-02-28 03:16:56,0,192,20.1
_二期_供水泵房_5#加压泵__温度_通道6_反馈,2025-02-28 03:16:57,0,192,20.1
_二期_供水泵房_5#加压泵__温度_通道6_反馈,2025-02-28 03:16:58,0,192,20.1
_二期_供水泵房_5#加压泵__温度_通道6_反馈,2025-02-28 03:16:59,0,192,20.1
_二期_供水泵房_5#加压泵__温度_通道6_反馈,2025-02-28 03:17:00,0,192,20.1
_二期_供水泵房_5#加压泵__温度_通道6_反馈,2025-02-28 03:17:01,0,192,20.1
_二期_供水泵房_5#加压泵__温度_通道6_反馈,2025-02-28 03:17:02,0,192,20.1
_二期_供水泵房_5#加压泵__温度_通道6_反馈,2025-02-28 03:17:03,0,192,20.1
_二期_供水泵房_5#加压泵__温度_通道6_反馈,2025-02-28 03:17:04,0,192,20.1
_二期_供水泵房_5#加压泵__温度_通道6_反馈,2025-02-28 03:17:05,0,192,20.1
_二期_供水泵房_5#加压泵__温度_通道6_反馈,2025-02-28 03:17:06,0,192,20.1
_二期_供水泵房_5#加压泵__温度_通道6_反馈,2025-02-28 03:17:07,0,192,20.1
_二期_供水泵房_5#加压泵__温度_通道6_反馈,2025-02-28 03:17:08,0,192,20.1
_二期_供水泵房_5#加压泵__温度_通道6_反馈,2025-02-28 03:17:09,0,192,20.1
_二期_供水泵房_5#加压泵__温度_通道6_反馈,2025-02-28 03:17:10,0,192,20.1
_二期_供水泵房_5#加压泵__温度_通道6_反馈,2025-02-28 03:17:11,0,192,20.1
_二期_供水泵房_5#加压泵__温度_通道6_反馈,2025-02-28 03:17:12,0,192,20.1
_二期_供水泵房_5#加压泵__温度_通道6_反馈,2025-02-28 03:17:13,0,192,20.1
_二期_供水泵房_5#加压泵__温度_通道6_反馈,2025-02-28 03:17:14,0,192,20.1
_二期_供水泵房_5#加压泵__温度_通道6_反馈,2025-02-28 03:17:15,0,192,20.1
_二期_供水泵房_5#加压泵__温度_通道6_反馈,2025-02-28 03:17:16,0,192,20.1
_二期_供水泵房_5#加压泵__温度_通道6_反馈,2025-02-28 03:17:17,0,192,20.1
_二期_供水泵房_5#加压泵__温度_通道6_反馈,2025-02-28 03:17:18,0,192,20.1
_二期_供水泵房_5#加压泵__温度_通道6_反馈,2025-02-28 03:17:19,0,192,20.1
_二期_供水泵房_5#加压泵__温度_通道6_反馈,2025-02-28 03:17:20,0,192,20.1
_二期_供水泵房_5#加压泵__温度_通道6_反馈,2025-02-28 03:17:21,0,192,20.1
_二期_供水泵房_5#加压泵__温度_通道6_反馈,2025-02-28 03:17:22,0,192,20.1
_二期_供水泵房_5#加压泵__温度_通道6_反馈,2025-02-28 03:17:23,0,192,20.1
_二期_供水泵房_5#加压泵__温度_通道6_反馈,2025-02-28 03:17:24,0,192,20.1
_二期_供水泵房_5#加压泵__温度_通道6_反馈,2025-02-28 03:17:25,0,192,20.1
_二期_供水泵房_5#加压泵__温度_通道6_反馈,2025-02-28 03:17:26,0,192,20.1
_二期_供水泵房_5#加压泵__温度_通道6_反馈,2025-02-28 03:17:27,0,192,20.1
_二期_供水泵房_5#加压泵__温度_通道6_反馈,2025-02-28 03:17:28,0,192,20.1
_二期_供水泵房_5#加压泵__温度_通道6_反馈,2025-02-28 03:17:29,0,192,20.1
_二期_供水泵房_5#加压泵__温度_通道6_反馈,2025-02-28 03:17:30,0,192,20.1
_二期_供水泵房_5#加压泵__温度_通道6_反馈,2025-02-28 03:17:31,0,192,20.1
_二期_供水泵房_5#加压泵__温度_通道6_反馈,2025-02-28 03:17:32,0,192,20.1
_二期_供水泵房_5#加压泵__温度_通道6_反馈,2025-02-28 03:17:33,0,192,20.1
_二期_供水泵房_5#加压泵__温度_通道6_反馈,2025-02-28 03:17:34,0,192,20.1
_二期_供水泵房_5#加压泵__温度_通道6_反馈,2025-02-28 03:17:35,0,192,20.1
_二期_供水泵房_5#加压泵__温度_通道6_反馈,2025-02-28 03:17:36,0,192,20.1
_二期_供水泵房_5#加压泵__温度_通道6_反馈,2025-02-28 03:17:37,0,192,20.1
_二期_供水泵房_5#加压泵__温度_通道6_反馈,2025-02-28 03:17:38,0,192,20.1
_二期_供水泵房_5#加压泵__温度_通道6_反馈,2025-02-28 03:17:39,0,192,20.1
_二期_供水泵房_5#加压泵__温度_通道6_反馈,2025-02-28 03:17:40,0,192,20.1
_二期_供水泵房_5#加压泵__温度_通道6_反馈,2025-02-28 03:17:41,0,192,20.1
_二期_供水泵房_5#加压泵__温度_通道6_反馈,2025-02-28 03:17:42,0,192,20.1
_二期_供水泵房_5#加压泵__温度_通道6_反馈,2025-02-28 03:17:43,0,192,20.1
_二期_供水泵房_5#加压泵__温度_通道6_反馈,2025-02-28 03:17:44,0,192,20.1
_二期_供水泵房_5#加压泵__温度_通道6_反馈,2025-02-28 03:17:45,0,192,20.1
_二期_供水泵房_5#加压泵__温度_通道6_反馈,2025-02-28 03:17:46,0,192,20.1
_二期_供水泵房_5#加压泵__温度_通道6_反馈,2025-02-28 03:17:47,0,192,20.1
_二期_供水泵房_5#加压泵__温度_通道6_反馈,2025-02-28 03:17:48,0,192,20.1
_二期_供水泵房_5#加压泵__温度_通道6_反馈,2025-02-28 03:17:49,0,192,20.1
_二期_供水泵房_5#加压泵__温度_通道6_反馈,2025-02-28 03:17:50,0,192,20.1
_二期_供水泵房_5#加压泵__温度_通道6_反馈,2025-02-28 03:17:51,0,192,20.1
_二期_供水泵房_5#加压泵__温度_通道6_反馈,2025-02-28 03:17:52,0,192,20.1
_二期_供水泵房_5#加压泵__温度_通道6_反馈,2025-02-28 03:17:53,0,192,20.1
_二期_供水泵房_5#加压泵__温度_通道6_反馈,2025-02-28 03:17:54,0,192,20.1
_二期_供水泵房_5#加压泵__温度_通道6_反馈,2025-02-28 03:17:55,0,192,20.1
_二期_供水泵房_5#加压泵__温度_通道6_反馈,2025-02-28 03:17:56,0,192,20.1
_二期_供水泵房_5#加压泵__温度_通道6_反馈,2025-02-28 03:17:57,0,192,20.1
_二期_供水泵房_5#加压泵__温度_通道6_反馈,2025-02-28 03:17:58,0,192,20.1
_二期_供水泵房_5#加压泵__温度_通道6_反馈,2025-02-28 03:17:59,0,192,20.1
_二期_供水泵房_5#加压泵__温度_通道6_反馈,2025-02-28 03:18:00,0,192,20.1
_二期_供水泵房_5#加压泵__温度_通道6_反馈,2025-02-28 03:18:01,0,192,20.1
_二期_供水泵房_5#加压泵__温度_通道6_反馈,2025-02-28 03:18:02,0,192,20.1
_二期_供水泵房_5#加压泵__温度_通道6_反馈,2025-02-28 03:18:03,0,192,20.1
_二期_供水泵房_5#加压泵__温度_通道6_反馈,2025-02-28 03:18:04,0,192,20.1
_二期_供水泵房_5#加压泵__温度_通道6_反馈,2025-02-28 03:18:05,0,192,20.1
_二期_供水泵房_5#加压泵__温度_通道6_反馈,2025-02-28 03:18:06,0,192,20.1
_二期_供水泵房_5#加压泵__温度_通道6_反馈,2025-02-28 03:18:07,0,192,20.1
_二期_供水泵房_5#加压泵__温度_通道6_反馈,2025-02-28 03:18:08,0,192,20.1
_二期_供水泵房_5#加压泵__温度_通道6_反馈,2025-02-28 03:18:09,0,192,20.1
_二期_供水泵房_5#加压泵__温度_通道6_反馈,2025-02-28 03:18:10,0,192,20.1
_二期_供水泵房_5#加压泵__温度_通道6_反馈,2025-02-28 03:18:11,0,192,20.1
_二期_供水泵房_5#加压泵__温度_通道6_反馈,2025-02-28 03:18:12,0,192,20.1
_二期_供水泵房_5#加压泵__温度_通道6_反馈,2025-02-28 03:18:13,0,192,20.1
_二期_供水泵房_5#加压泵__温度_通道6_反馈,2025-02-28 03:18:14,0,192,20.1
_二期_供水泵房_5#加压泵__温度_通道6_反馈,2025-02-28 03:18:15,0,192,20.1
_二期_供水泵房_5#加压泵__温度_通道6_反馈,2025-02-28 03:18:16,0,192,20.1
_二期_供水泵房_5#加压泵__温度_通道6_反馈,2025-02-28 03:18:17,0,192,20.1
_二期_供水泵房_5#加压泵__温度_通道6_反馈,2025-02-28 03:18:18,0,192,20.1
_二期_供水泵房_5#加压泵__温度_通道6_反馈,2025-02-28 03:18:19,0,192,20.1
_二期_供水泵房_5#加压泵__温度_通道6_反馈,2025-02-28 03:18:20,0,192,20.1
_二期_供水泵房_5#加压泵__温度_通道6_反馈,2025-02-28 03:18:21,0,192,20.1
_二期_供水泵房_5#加压泵__温度_通道6_反馈,2025-02-28 03:18:22,0,192,20.1
_二期_供水泵房_5#加压泵__温度_通道6_反馈,2025-02-28 03:18:23,0,192,20.1
_二期_供水泵房_5#加压泵__温度_通道6_反馈,2025-02-28 03:18:24,0,192,20.1
_二期_供水泵房_5#加压泵__温度_通道6_反馈,2025-02-28 03:18:25,0,192,20.1
_二期_供水泵房_5#加压泵__温度_通道6_反馈,2025-02-28 03:18:26,0,192,20.1
_二期_供水泵房_5#加压泵__温度_通道6_反馈,2025-02-28 03:18:27,0,192,20.1
_二期_供水泵房_5#加压泵__温度_通道6_反馈,2025-02-28 03:18:28,0,192,20.1
_二期_供水泵房_5#加压泵__温度_通道6_反馈,2025-02-28 03:18:29,0,192,20.1
_二期_供水泵房_5#加压泵__温度_通道6_反馈,2025-02-28 03:18:30,0,192,20.1
_二期_供水泵房_5#加压泵__温度_通道6_反馈,2025-02-28 03:18:31,0,192,20.1
_二期_供水泵房_5#加压泵__温度_通道6_反馈,2025-02-28 03:18:32,0,192,20.1
_二期_供水泵房_5#加压泵__温度_通道6_反馈,2025-02-28 03:18:33,0,192,20.1
_二期_供水泵房_5#加压泵__温度_通道6_反馈,2025-02-28 03:18:34,0,192,20.1
_二期_供水泵房_5#加压泵__温度_通道6_反馈,2025-02-28 03:18:35,0,192,20.1
_二期_供水泵房_5#加压泵__温度_通道6_反馈,2025-02-28 03:18:36,0,192,20.1
_二期_供水泵房_5#加压泵__温度_通道6_反馈,2025-02-28 03:18:37,0,192,20.1
_二期_供水泵房_5#加压泵__温度_通道6_反馈,2025-02-28 03:18:38,0,192,20.1
_二期_供水泵房_5#加压泵__温度_通道6_反馈,2025-02-28 03:18:39,0,192,20.1
_二期_供水泵房_5#加压泵__温度_通道6_反馈,2025-02-28 03:18:40,0,192,20.1
_二期_供水泵房_5#加压泵__温度_通道6_反馈,2025-02-28 03:18:41,0,192,20.1
_二期_供水泵房_5#加压泵__温度_通道6_反馈,2025-02-28 03:18:42,0,192,20.1
_二期_供水泵房_5#加压泵__温度_通道6_反馈,2025-02-28 03:18:43,0,192,20.1
_二期_供水泵房_5#加压泵__温度_通道6_反馈,2025-02-28 03:18:44,0,192,20.1
_二期_供水泵房_5#加压泵__温度_通道6_反馈,2025-02-28 03:18:45,0,192,20.1
_二期_供水泵房_5#加压泵__温度_通道6_反馈,2025-02-28 03:18:46,0,192,20.1
_二期_供水泵房_5#加压泵__温度_通道6_反馈,2025-02-28 03:18:47,0,192,20.1
_二期_供水泵房_5#加压泵__温度_通道6_反馈,2025-02-28 03:18:48,0,192,20.1
_二期_供水泵房_5#加压泵__温度_通道6_反馈,2025-02-28 03:18:49,0,192,20.1
_二期_供水泵房_5#加压泵__温度_通道6_反馈,2025-02-28 03:18:50,0,192,20.1
_二期_供水泵房_5#加压泵__温度_通道6_反馈,2025-02-28 03:18:51,0,192,20.1
_二期_供水泵房_5#加压泵__温度_通道6_反馈,2025-02-28 03:18:52,0,192,20.1
_二期_供水泵房_5#加压泵__温度_通道6_反馈,2025-02-28 03:18:53,0,192,20.1
_二期_供水泵房_5#加压泵__温度_通道6_反馈,2025-02-28 03:18:54,0,192,20.1
_二期_供水泵房_5#加压泵__温度_通道6_反馈,2025-02-28 03:18:55,0,192,20.1
_二期_供水泵房_5#加压泵__温度_通道6_反馈,2025-02-28 03:18:56,0,192,20.1
_二期_供水泵房_5#加压泵__温度_通道6_反馈,2025-02-28 03:18:57,0,192,20.1
_二期_供水泵房_5#加压泵__温度_通道6_反馈,2025-02-28 03:18:58,0,192,20.1
_二期_供水泵房_5#加压泵__温度_通道6_反馈,2025-02-28 03:18:59,0,192,20.1
_二期_供水泵房_5#加压泵__温度_通道6_反馈,2025-02-28 03:19:00,0,192,20.1
_二期_供水泵房_5#加压泵__温度_通道6_反馈,2025-02-28 03:19:01,0,192,20.1
_二期_供水泵房_5#加压泵__温度_通道6_反馈,2025-02-28 03:19:02,0,192,20.1
_二期_供水泵房_5#加压泵__温度_通道6_反馈,2025-02-28 03:19:03,0,192,20.1
_二期_供水泵房_5#加压泵__温度_通道6_反馈,2025-02-28 03:19:04,0,192,20.1
_二期_供水泵房_5#加压泵__温度_通道6_反馈,2025-02-28 03:19:05,0,192,20.1
_二期_供水泵房_5#加压泵__温度_通道6_反馈,2025-02-28 03:19:06,0,192,20.1
_二期_供水泵房_5#加压泵__温度_通道6_反馈,2025-02-28 03:19:07,0,192,20.1
_二期_供水泵房_5#加压泵__温度_通道6_反馈,2025-02-28 03:19:08,0,192,20.1
_二期_供水泵房_5#加压泵__温度_通道6_反馈,2025-02-28 03:19:09,0,192,20.1
_二期_供水泵房_5#加压泵__温度_通道6_反馈,2025-02-28 03:19:10,0,192,20.1
_二期_供水泵房_5#加压泵__温度_通道6_反馈,2025-02-28 03:19:11,0,192,20.1
_二期_供水泵房_5#加压泵__温度_通道6_反馈,2025-02-28 03:19:12,0,192,20.1
_二期_供水泵房_5#加压泵__温度_通道6_反馈,2025-02-28 03:19:13,0,192,20.1
_二期_供水泵房_5#加压泵__温度_通道6_反馈,2025-02-28 03:19:14,0,192,20.1
_二期_供水泵房_5#加压泵__温度_通道6_反馈,2025-02-28 03:19:15,0,192,20.1
_二期_供水泵房_5#加压泵__温度_通道6_反馈,2025-02-28 03:19:16,0,192,20.1
_二期_供水泵房_5#加压泵__温度_通道6_反馈,2025-02-28 03:19:17,0,192,20.1
_二期_供水泵房_5#加压泵__温度_通道6_反馈,2025-02-28 03:19:18,0,192,20.1
_二期_供水泵房_5#加压泵__温度_通道6_反馈,2025-02-28 03:19:19,0,192,20.1
_二期_供水泵房_5#加压泵__温度_通道6_反馈,2025-02-28 03:19:20,0,192,20.1
_二期_供水泵房_5#加压泵__温度_通道6_反馈,2025-02-28 03:19:21,0,192,20.1
_二期_供水泵房_5#加压泵__温度_通道6_反馈,2025-02-28 03:19:22,0,192,20.1
_二期_供水泵房_5#加压泵__温度_通道6_反馈,2025-02-28 03:19:23,0,192,20.1
_二期_供水泵房_5#加压泵__温度_通道6_反馈,2025-02-28 03:19:24,0,192,20.1
_二期_供水泵房_5#加压泵__温度_通道6_反馈,2025-02-28 03:19:25,0,192,20.1
_二期_供水泵房_5#加压泵__温度_通道6_反馈,2025-02-28 03:19:26,0,192,20.1
_二期_供水泵房_5#加压泵__温度_通道6_反馈,2025-02-28 03:19:27,0,192,20.1
_二期_供水泵房_5#加压泵__温度_通道6_反馈,2025-02-28 03:19:28,0,192,20.1
_二期_供水泵房_5#加压泵__温度_通道6_反馈,2025-02-28 03:19:29,0,192,20.1
_二期_供水泵房_5#加压泵__温度_通道6_反馈,2025-02-28 03:19:30,0,192,20.1
_二期_供水泵房_5#加压泵__温度_通道6_反馈,2025-02-28 03:19:31,0,192,20.1
_二期_供水泵房_5#加压泵__温度_通道6_反馈,2025-02-28 03:19:32,0,192,20.1
_二期_供水泵房_5#加压泵__温度_通道6_反馈,2025-02-28 03:19:33,0,192,20.1
_二期_供水泵房_5#加压泵__温度_通道6_反馈,2025-02-28 03:19:34,0,192,20.1
_二期_供水泵房_5#加压泵__温度_通道6_反馈,2025-02-28 03:19:35,0,192,20.1
_二期_供水泵房_5#加压泵__温度_通道6_反馈,2025-02-28 03:19:36,0,192,20.1
_二期_供水泵房_5#加压泵__温度_通道6_反馈,2025-02-28 03:19:37,0,192,20.1
_二期_供水泵房_5#加压泵__温度_通道6_反馈,2025-02-28 03:19:38,0,192,20.1
_二期_供水泵房_5#加压泵__温度_通道6_反馈,2025-02-28 03:19:39,0,192,20.1
_二期_供水泵房_5#加压泵__温度_通道6_反馈,2025-02-28 03:19:40,0,192,20.1
_二期_供水泵房_5#加压泵__温度_通道6_反馈,2025-02-28 03:19:41,0,192,20.1
_二期_供水泵房_5#加压泵__温度_通道6_反馈,2025-02-28 03:19:42,0,192,20.1
_二期_供水泵房_5#加压泵__温度_通道6_反馈,2025-02-28 03:19:43,0,192,20.1
_二期_供水泵房_5#加压泵__温度_通道6_反馈,2025-02-28 03:19:44,0,192,20.1
_二期_供水泵房_5#加压泵__温度_通道6_反馈,2025-02-28 03:19:45,0,192,20.1
_二期_供水泵房_5#加压泵__温度_通道6_反馈,2025-02-28 03:19:46,0,192,20.1
_二期_供水泵房_5#加压泵__温度_通道6_反馈,2025-02-28 03:19:47,0,192,20.1
_二期_供水泵房_5#加压泵__温度_通道6_反馈,2025-02-28 03:19:48,0,192,20.1
_二期_供水泵房_5#加压泵__温度_通道6_反馈,2025-02-28 03:19:49,0,192,20.1
_二期_供水泵房_5#加压泵__温度_通道6_反馈,2025-02-28 03:19:50,0,192,20.1
_二期_供水泵房_5#加压泵__温度_通道6_反馈,2025-02-28 03:19:51,0,192,20.1
_二期_供水泵房_5#加压泵__温度_通道6_反馈,2025-02-28 03:19:52,0,192,20.1
_二期_供水泵房_5#加压泵__温度_通道6_反馈,2025-02-28 03:19:53,0,192,20.1
_二期_供水泵房_5#加压泵__温度_通道6_反馈,2025-02-28 03:19:54,0,192,20.1
_二期_供水泵房_5#加压泵__温度_通道6_反馈,2025-02-28 03:19:55,0,192,20.1
_二期_供水泵房_5#加压泵__温度_通道6_反馈,2025-02-28 03:19:56,0,192,20.1
_二期_供水泵房_5#加压泵__温度_通道6_反馈,2025-02-28 03:19:57,0,192,20.1
_二期_供水泵房_5#加压泵__温度_通道6_反馈,2025-02-28 03:19:58,0,192,20.1
_二期_供水泵房_5#加压泵__温度_通道6_反馈,2025-02-28 03:19:59,0,192,20.1
_二期_供水泵房_5#加压泵__温度_通道6_反馈,2025-02-28 03:20:00,0,192,20.1
_二期_供水泵房_5#加压泵__温度_通道6_反馈,2025-02-28 03:20:01,0,192,20.1
_二期_供水泵房_5#加压泵__温度_通道6_反馈,2025-02-28 03:20:02,0,192,20.1
_二期_供水泵房_5#加压泵__温度_通道6_反馈,2025-02-28 03:20:03,0,192,20.1
_二期_供水泵房_5#加压泵__温度_通道6_反馈,2025-02-28 03:20:04,0,192,20.1
_二期_供水泵房_5#加压泵__温度_通道6_反馈,2025-02-28 03:20:05,0,192,20.1
_二期_供水泵房_5#加压泵__温度_通道6_反馈,2025-02-28 03:20:06,0,192,20.1
_二期_供水泵房_5#加压泵__温度_通道6_反馈,2025-02-28 03:20:07,0,192,20.1
_二期_供水泵房_5#加压泵__温度_通道6_反馈,2025-02-28 03:20:08,0,192,20.1
_二期_供水泵房_5#加压泵__温度_通道6_反馈,2025-02-28 03:20:09,0,192,20.1
_二期_供水泵房_5#加压泵__温度_通道6_反馈,2025-02-28 03:20:10,0,192,20.1
_二期_供水泵房_5#加压泵__温度_通道6_反馈,2025-02-28 03:20:11,0,192,20.1
_二期_供水泵房_5#加压泵__温度_通道6_反馈,2025-02-28 03:20:12,0,192,20.1
_二期_供水泵房_5#加压泵__温度_通道6_反馈,2025-02-28 03:20:13,0,192,20.1
_二期_供水泵房_5#加压泵__温度_通道6_反馈,2025-02-28 03:20:14,0,192,20.1
_二期_供水泵房_5#加压泵__温度_通道6_反馈,2025-02-28 03:20:15,0,192,20.1
_二期_供水泵房_5#加压泵__温度_通道6_反馈,2025-02-28 03:20:16,0,192,20.1
_二期_供水泵房_5#加压泵__温度_通道6_反馈,2025-02-28 03:20:17,0,192,20.1
_二期_供水泵房_5#加压泵__温度_通道6_反馈,2025-02-28 03:20:18,0,192,20.1
_二期_供水泵房_5#加压泵__温度_通道6_反馈,2025-02-28 03:20:19,0,192,20.1
_二期_供水泵房_5#加压泵__温度_通道6_反馈,2025-02-28 03:20:20,0,192,20.1
_二期_供水泵房_5#加压泵__温度_通道6_反馈,2025-02-28 03:20:21,0,192,20.1
_二期_供水泵房_5#加压泵__温度_通道6_反馈,2025-02-28 03:20:22,0,192,20.1
_二期_供水泵房_5#加压泵__温度_通道6_反馈,2025-02-28 03:20:23,0,192,20.1
_二期_供水泵房_5#加压泵__温度_通道6_反馈,2025-02-28 03:20:24,0,192,20.1
_二期_供水泵房_5#加压泵__温度_通道6_反馈,2025-02-28 03:20:25,0,192,20.1
_二期_供水泵房_5#加压泵__温度_通道6_反馈,2025-02-28 03:20:26,0,192,20.1
_二期_供水泵房_5#加压泵__温度_通道6_反馈,2025-02-28 03:20:27,0,192,20.1
_二期_供水泵房_5#加压泵__温度_通道6_反馈,2025-02-28 03:20:28,0,192,20.1
_二期_供水泵房_5#加压泵__温度_通道6_反馈,2025-02-28 03:20:29,0,192,20.1
_二期_供水泵房_5#加压泵__温度_通道6_反馈,2025-02-28 03:20:30,0,192,20.1
_二期_供水泵房_5#加压泵__温度_通道6_反馈,2025-02-28 03:20:31,0,192,20.1
_二期_供水泵房_5#加压泵__温度_通道6_反馈,2025-02-28 03:20:32,0,192,20.1
_二期_供水泵房_5#加压泵__温度_通道6_反馈,2025-02-28 03:20:33,0,192,20.1
_二期_供水泵房_5#加压泵__温度_通道6_反馈,2025-02-28 03:20:34,0,192,20.1
_二期_供水泵房_5#加压泵__温度_通道6_反馈,2025-02-28 03:20:35,0,192,20.1
_二期_供水泵房_5#加压泵__温度_通道6_反馈,2025-02-28 03:20:36,0,192,20.1
_二期_供水泵房_5#加压泵__温度_通道6_反馈,2025-02-28 03:20:37,0,192,20.1
_二期_供水泵房_5#加压泵__温度_通道6_反馈,2025-02-28 03:20:38,0,192,20.1
_二期_供水泵房_5#加压泵__温度_通道6_反馈,2025-02-28 03:20:39,0,192,20.1
_二期_供水泵房_5#加压泵__温度_通道6_反馈,2025-02-28 03:20:40,0,192,20.1
_二期_供水泵房_5#加压泵__温度_通道6_反馈,2025-02-28 03:20:41,0,192,20.1
_二期_供水泵房_5#加压泵__温度_通道6_反馈,2025-02-28 03:20:42,0,192,20.1
_二期_供水泵房_5#加压泵__温度_通道6_反馈,2025-02-28 03:20:43,0,192,20.1
_二期_供水泵房_5#加压泵__温度_通道6_反馈,2025-02-28 03:20:44,0,192,20.1
_二期_供水泵房_5#加压泵__温度_通道6_反馈,2025-02-28 03:20:45,0,192,20.1
_二期_供水泵房_5#加压泵__温度_通道6_反馈,2025-02-28 03:20:46,0,192,20.1
_二期_供水泵房_5#加压泵__温度_通道6_反馈,2025-02-28 03:20:47,0,192,20.1
_二期_供水泵房_5#加压泵__温度_通道6_反馈,2025-02-28 03:20:48,0,192,20.1
_二期_供水泵房_5#加压泵__温度_通道6_反馈,2025-02-28 03:20:49,0,192,20.1
_二期_供水泵房_5#加压泵__温度_通道6_反馈,2025-02-28 03:20:50,0,192,20.1
_二期_供水泵房_5#加压泵__温度_通道6_反馈,2025-02-28 03:20:51,0,192,20.1
_二期_供水泵房_5#加压泵__温度_通道6_反馈,2025-02-28 03:20:52,0,192,20.1
_二期_供水泵房_5#加压泵__温度_通道6_反馈,2025-02-28 03:20:53,0,192,20.1
_二期_供水泵房_5#加压泵__温度_通道6_反馈,2025-02-28 03:20:54,0,192,20.1
_二期_供水泵房_5#加压泵__温度_通道6_反馈,2025-02-28 03:20:55,0,192,20.1
_二期_供水泵房_5#加压泵__温度_通道6_反馈,2025-02-28 03:20:56,0,192,20.1
_二期_供水泵房_5#加压泵__温度_通道6_反馈,2025-02-28 03:20:57,0,192,20.1
_二期_供水泵房_5#加压泵__温度_通道6_反馈,2025-02-28 03:20:58,0,192,20.1
_二期_供水泵房_5#加压泵__温度_通道6_反馈,2025-02-28 03:20:59,0,192,20.1
_二期_供水泵房_5#加压泵__温度_通道6_反馈,2025-02-28 03:21:00,0,192,20.1
_二期_供水泵房_5#加压泵__温度_通道6_反馈,2025-02-28 03:21:01,0,192,20.1
_二期_供水泵房_5#加压泵__温度_通道6_反馈,2025-02-28 03:21:02,0,192,20.1
_二期_供水泵房_5#加压泵__温度_通道6_反馈,2025-02-28 03:21:03,0,192,20.1
_二期_供水泵房_5#加压泵__温度_通道6_反馈,2025-02-28 03:21:04,0,192,20.1
_二期_供水泵房_5#加压泵__温度_通道6_反馈,2025-02-28 03:21:05,0,192,20.1
_二期_供水泵房_5#加压泵__温度_通道6_反馈,2025-02-28 03:21:06,0,192,20.1
_二期_供水泵房_5#加压泵__温度_通道6_反馈,2025-02-28 03:21:07,0,192,20.1
_二期_供水泵房_5#加压泵__温度_通道6_反馈,2025-02-28 03:21:08,0,192,20.1
_二期_供水泵房_5#加压泵__温度_通道6_反馈,2025-02-28 03:21:09,0,192,20.1
_二期_供水泵房_5#加压泵__温度_通道6_反馈,2025-02-28 03:21:10,0,192,20.1
_二期_供水泵房_5#加压泵__温度_通道6_反馈,2025-02-28 03:21:11,0,192,20.1
_二期_供水泵房_5#加压泵__温度_通道6_反馈,2025-02-28 03:21:12,0,192,20.1
_二期_供水泵房_5#加压泵__温度_通道6_反馈,2025-02-28 03:21:13,0,192,20.1
_二期_供水泵房_5#加压泵__温度_通道6_反馈,2025-02-28 03:21:14,0,192,20.1
_二期_供水泵房_5#加压泵__温度_通道6_反馈,2025-02-28 03:21:15,0,192,20.1
_二期_供水泵房_5#加压泵__温度_通道6_反馈,2025-02-28 03:21:16,0,192,20.1
_二期_供水泵房_5#加压泵__温度_通道6_反馈,2025-02-28 03:21:17,0,192,20.1
_二期_供水泵房_5#加压泵__温度_通道6_反馈,2025-02-28 03:21:18,0,192,20.1
_二期_供水泵房_5#加压泵__温度_通道6_反馈,2025-02-28 03:21:19,0,192,20.1
_二期_供水泵房_5#加压泵__温度_通道6_反馈,2025-02-28 03:21:20,0,192,20.1
_二期_供水泵房_5#加压泵__温度_通道6_反馈,2025-02-28 03:21:21,0,192,20.1
_二期_供水泵房_5#加压泵__温度_通道6_反馈,2025-02-28 03:21:22,0,192,20.1
_二期_供水泵房_5#加压泵__温度_通道6_反馈,2025-02-28 03:21:23,0,192,20.1
_二期_供水泵房_5#加压泵__温度_通道6_反馈,2025-02-28 03:21:24,0,192,20.1
_二期_供水泵房_5#加压泵__温度_通道6_反馈,2025-02-28 03:21:25,0,192,20.1
_二期_供水泵房_5#加压泵__温度_通道6_反馈,2025-02-28 03:21:26,0,192,20.1
_二期_供水泵房_5#加压泵__温度_通道6_反馈,2025-02-28 03:21:27,0,192,20.1
_二期_供水泵房_5#加压泵__温度_通道6_反馈,2025-02-28 03:21:28,0,192,20.1
_二期_供水泵房_5#加压泵__温度_通道6_反馈,2025-02-28 03:21:29,0,192,20.1
_二期_供水泵房_5#加压泵__温度_通道6_反馈,2025-02-28 03:21:30,0,192,20.1
_二期_供水泵房_5#加压泵__温度_通道6_反馈,2025-02-28 03:21:31,0,192,20.1
_二期_供水泵房_5#加压泵__温度_通道6_反馈,2025-02-28 03:21:32,0,192,20.1
_二期_供水泵房_5#加压泵__温度_通道6_反馈,2025-02-28 03:21:33,0,192,20.1
_二期_供水泵房_5#加压泵__温度_通道6_反馈,2025-02-28 03:21:34,0,192,20.1
_二期_供水泵房_5#加压泵__温度_通道6_反馈,2025-02-28 03:21:35,0,192,20.1
_二期_供水泵房_5#加压泵__温度_通道6_反馈,2025-02-28 03:21:36,0,192,20.1
_二期_供水泵房_5#加压泵__温度_通道6_反馈,2025-02-28 03:21:37,0,192,20.1
_二期_供水泵房_5#加压泵__温度_通道6_反馈,2025-02-28 03:21:38,0,192,20.1
_二期_供水泵房_5#加压泵__温度_通道6_反馈,2025-02-28 03:21:39,0,192,20.1
_二期_供水泵房_5#加压泵__温度_通道6_反馈,2025-02-28 03:21:40,0,192,20.1
_二期_供水泵房_5#加压泵__温度_通道6_反馈,2025-02-28 03:21:41,0,192,20.1
_二期_供水泵房_5#加压泵__温度_通道6_反馈,2025-02-28 03:21:42,0,192,20.1
_二期_供水泵房_5#加压泵__温度_通道6_反馈,2025-02-28 03:21:43,0,192,20.1
_二期_供水泵房_5#加压泵__温度_通道6_反馈,2025-02-28 03:21:44,0,192,20.1
_二期_供水泵房_5#加压泵__温度_通道6_反馈,2025-02-28 03:21:45,0,192,20.1
_二期_供水泵房_5#加压泵__温度_通道6_反馈,2025-02-28 03:21:46,0,192,20.1
_二期_供水泵房_5#加压泵__温度_通道6_反馈,2025-02-28 03:21:47,0,192,20.1
_二期_供水泵房_5#加压泵__温度_通道6_反馈,2025-02-28 03:21:48,0,192,20.1
_二期_供水泵房_5#加压泵__温度_通道6_反馈,2025-02-28 03:21:49,0,192,20.1
_二期_供水泵房_5#加压泵__温度_通道6_反馈,2025-02-28 03:21:50,0,192,20.1
_二期_供水泵房_5#加压泵__温度_通道6_反馈,2025-02-28 03:21:51,0,192,20.1
_二期_供水泵房_5#加压泵__温度_通道6_反馈,2025-02-28 03:21:52,0,192,20.1
_二期_供水泵房_5#加压泵__温度_通道6_反馈,2025-02-28 03:21:53,0,192,20.1
_二期_供水泵房_5#加压泵__温度_通道6_反馈,2025-02-28 03:21:54,0,192,20.1
_二期_供水泵房_5#加压泵__温度_通道6_反馈,2025-02-28 03:21:55,0,192,20.1
_二期_供水泵房_5#加压泵__温度_通道6_反馈,2025-02-28 03:21:56,0,192,20.1
_二期_供水泵房_5#加压泵__温度_通道6_反馈,2025-02-28 03:21:57,0,192,20.1
_二期_供水泵房_5#加压泵__温度_通道6_反馈,2025-02-28 03:21:58,0,192,20.1
_二期_供水泵房_5#加压泵__温度_通道6_反馈,2025-02-28 03:21:59,0,192,20.1
_二期_供水泵房_5#加压泵__温度_通道6_反馈,2025-02-28 03:22:00,0,192,20.1
_二期_供水泵房_5#加压泵__温度_通道6_反馈,2025-02-28 03:22:01,0,192,20.1
_二期_供水泵房_5#加压泵__温度_通道6_反馈,2025-02-28 03:22:02,0,192,20.1
_二期_供水泵房_5#加压泵__温度_通道6_反馈,2025-02-28 03:22:03,0,192,20.1
_二期_供水泵房_5#加压泵__温度_通道6_反馈,2025-02-28 03:22:04,0,192,20.1
_二期_供水泵房_5#加压泵__温度_通道6_反馈,2025-02-28 03:22:05,0,192,20.1
_二期_供水泵房_5#加压泵__温度_通道6_反馈,2025-02-28 03:22:06,0,192,20.1
_二期_供水泵房_5#加压泵__温度_通道6_反馈,2025-02-28 03:22:07,0,192,20.1
_二期_供水泵房_5#加压泵__温度_通道6_反馈,2025-02-28 03:22:08,0,192,20.1
_二期_供水泵房_5#加压泵__温度_通道6_反馈,2025-02-28 03:22:09,0,192,20.1
_二期_供水泵房_5#加压泵__温度_通道6_反馈,2025-02-28 03:22:10,0,192,20.1
_二期_供水泵房_5#加压泵__温度_通道6_反馈,2025-02-28 03:22:11,0,192,20.1
_二期_供水泵房_5#加压泵__温度_通道6_反馈,2025-02-28 03:22:12,0,192,20.1
_二期_供水泵房_5#加压泵__温度_通道6_反馈,2025-02-28 03:22:13,0,192,20.1
_二期_供水泵房_5#加压泵__温度_通道6_反馈,2025-02-28 03:22:14,0,192,20.1
_二期_供水泵房_5#加压泵__温度_通道6_反馈,2025-02-28 03:22:15,0,192,20.1
_二期_供水泵房_5#加压泵__温度_通道6_反馈,2025-02-28 03:22:16,0,192,20.1
_二期_供水泵房_5#加压泵__温度_通道6_反馈,2025-02-28 03:22:17,0,192,20.1
_二期_供水泵房_5#加压泵__温度_通道6_反馈,2025-02-28 03:22:18,0,192,20.1
_二期_供水泵房_5#加压泵__温度_通道6_反馈,2025-02-28 03:22:19,0,192,20.1
_二期_供水泵房_5#加压泵__温度_通道6_反馈,2025-02-28 03:22:20,0,192,20.1
_二期_供水泵房_5#加压泵__温度_通道6_反馈,2025-02-28 03:22:21,0,192,20.1
_二期_供水泵房_5#加压泵__温度_通道6_反馈,2025-02-28 03:22:22,0,192,20.1
_二期_供水泵房_5#加压泵__温度_通道6_反馈,2025-02-28 03:22:23,0,192,20.1
_二期_供水泵房_5#加压泵__温度_通道6_反馈,2025-02-28 03:22:24,0,192,20.1
_二期_供水泵房_5#加压泵__温度_通道6_反馈,2025-02-28 03:22:25,0,192,20.1
_二期_供水泵房_5#加压泵__温度_通道6_反馈,2025-02-28 03:22:26,0,192,20.1
_二期_供水泵房_5#加压泵__温度_通道6_反馈,2025-02-28 03:22:27,0,192,20.1
_二期_供水泵房_5#加压泵__温度_通道6_反馈,2025-02-28 03:22:28,0,192,20.1
_二期_供水泵房_5#加压泵__温度_通道6_反馈,2025-02-28 03:22:29,0,192,20.1
_二期_供水泵房_5#加压泵__温度_通道6_反馈,2025-02-28 03:22:30,0,192,20.1
_二期_供水泵房_5#加压泵__温度_通道6_反馈,2025-02-28 03:22:31,0,192,20.1
_二期_供水泵房_5#加压泵__温度_通道6_反馈,2025-02-28 03:22:32,0,192,20.1
_二期_供水泵房_5#加压泵__温度_通道6_反馈,2025-02-28 03:22:33,0,192,20.1
_二期_供水泵房_5#加压泵__温度_通道6_反馈,2025-02-28 03:22:34,0,192,20.1
_二期_供水泵房_5#加压泵__温度_通道6_反馈,2025-02-28 03:22:35,0,192,20.1
_二期_供水泵房_5#加压泵__温度_通道6_反馈,2025-02-28 03:22:36,0,192,20.1
_二期_供水泵房_5#加压泵__温度_通道6_反馈,2025-02-28 03:22:37,0,192,20.1
_二期_供水泵房_5#加压泵__温度_通道6_反馈,2025-02-28 03:22:38,0,192,20.1
_二期_供水泵房_5#加压泵__温度_通道6_反馈,2025-02-28 03:22:39,0,192,20.1
_二期_供水泵房_5#加压泵__温度_通道6_反馈,2025-02-28 03:22:40,0,192,20.1
_二期_供水泵房_5#加压泵__温度_通道6_反馈,2025-02-28 03:22:41,0,192,20.1
_二期_供水泵房_5#加压泵__温度_通道6_反馈,2025-02-28 03:22:42,0,192,20.1
_二期_供水泵房_5#加压泵__温度_通道6_反馈,2025-02-28 03:22:43,0,192,20.1
_二期_供水泵房_5#加压泵__温度_通道6_反馈,2025-02-28 03:22:44,0,192,20.1
_二期_供水泵房_5#加压泵__温度_通道6_反馈,2025-02-28 03:22:45,0,192,20.1
_二期_供水泵房_5#加压泵__温度_通道6_反馈,2025-02-28 03:22:46,0,192,20.1
_二期_供水泵房_5#加压泵__温度_通道6_反馈,2025-02-28 03:22:47,0,192,20.1
_二期_供水泵房_5#加压泵__温度_通道6_反馈,2025-02-28 03:22:48,0,192,20.1
_二期_供水泵房_5#加压泵__温度_通道6_反馈,2025-02-28 03:22:49,0,192,20.1
_二期_供水泵房_5#加压泵__温度_通道6_反馈,2025-02-28 03:22:50,0,192,20.1
_二期_供水泵房_5#加压泵__温度_通道6_反馈,2025-02-28 03:22:51,0,192,20.1
_二期_供水泵房_5#加压泵__温度_通道6_反馈,2025-02-28 03:22:52,0,192,20.1
_二期_供水泵房_5#加压泵__温度_通道6_反馈,2025-02-28 03:22:53,0,192,20.1
_二期_供水泵房_5#加压泵__温度_通道6_反馈,2025-02-28 03:22:54,0,192,20.1
_二期_供水泵房_5#加压泵__温度_通道6_反馈,2025-02-28 03:22:55,0,192,20.1
_二期_供水泵房_5#加压泵__温度_通道6_反馈,2025-02-28 03:22:56,0,192,20.1
_二期_供水泵房_5#加压泵__温度_通道6_反馈,2025-02-28 03:22:57,0,192,20.1
_二期_供水泵房_5#加压泵__温度_通道6_反馈,2025-02-28 03:22:58,0,192,20.1
_二期_供水泵房_5#加压泵__温度_通道6_反馈,2025-02-28 03:22:59,0,192,20.1
_二期_供水泵房_5#加压泵__温度_通道6_反馈,2025-02-28 03:23:00,0,192,20.1
_二期_供水泵房_5#加压泵__温度_通道6_反馈,2025-02-28 03:23:01,0,192,20.1
_二期_供水泵房_5#加压泵__温度_通道6_反馈,2025-02-28 03:23:02,0,192,20.1
_二期_供水泵房_5#加压泵__温度_通道6_反馈,2025-02-28 03:23:03,0,192,20.1
_二期_供水泵房_5#加压泵__温度_通道6_反馈,2025-02-28 03:23:04,0,192,20.1
_二期_供水泵房_5#加压泵__温度_通道6_反馈,2025-02-28 03:23:05,0,192,20.1
_二期_供水泵房_5#加压泵__温度_通道6_反馈,2025-02-28 03:23:06,0,192,20.1
_二期_供水泵房_5#加压泵__温度_通道6_反馈,2025-02-28 03:23:07,0,192,20.1
_二期_供水泵房_5#加压泵__温度_通道6_反馈,2025-02-28 03:23:08,0,192,20.1
_二期_供水泵房_5#加压泵__温度_通道6_反馈,2025-02-28 03:23:09,0,192,20.1
_二期_供水泵房_5#加压泵__温度_通道6_反馈,2025-02-28 03:23:10,0,192,20.1
_二期_供水泵房_5#加压泵__温度_通道6_反馈,2025-02-28 03:23:11,0,192,20.1
_二期_供水泵房_5#加压泵__温度_通道6_反馈,2025-02-28 03:23:12,0,192,20.1
_二期_供水泵房_5#加压泵__温度_通道6_反馈,2025-02-28 03:23:13,0,192,20.1
_二期_供水泵房_5#加压泵__温度_通道6_反馈,2025-02-28 03:23:14,0,192,20.1
_二期_供水泵房_5#加压泵__温度_通道6_反馈,2025-02-28 03:23:15,0,192,20.1
_二期_供水泵房_5#加压泵__温度_通道6_反馈,2025-02-28 03:23:16,0,192,20.1
_二期_供水泵房_5#加压泵__温度_通道6_反馈,2025-02-28 03:23:17,0,192,20.1
_二期_供水泵房_5#加压泵__温度_通道6_反馈,2025-02-28 03:23:18,0,192,20.1
_二期_供水泵房_5#加压泵__温度_通道6_反馈,2025-02-28 03:23:19,0,192,20.1
_二期_供水泵房_5#加压泵__温度_通道6_反馈,2025-02-28 03:23:20,0,192,20.1
_二期_供水泵房_5#加压泵__温度_通道6_反馈,2025-02-28 03:23:21,0,192,20.1
_二期_供水泵房_5#加压泵__温度_通道6_反馈,2025-02-28 03:23:22,0,192,20.1
_二期_供水泵房_5#加压泵__温度_通道6_反馈,2025-02-28 03:23:23,0,192,20.1
_二期_供水泵房_5#加压泵__温度_通道6_反馈,2025-02-28 03:23:24,0,192,20.1
_二期_供水泵房_5#加压泵__温度_通道6_反馈,2025-02-28 03:23:25,0,192,20.1
_二期_供水泵房_5#加压泵__温度_通道6_反馈,2025-02-28 03:23:26,0,192,20.1
_二期_供水泵房_5#加压泵__温度_通道6_反馈,2025-02-28 03:23:27,0,192,20.1
_二期_供水泵房_5#加压泵__温度_通道6_反馈,2025-02-28 03:23:28,0,192,20.1
_二期_供水泵房_5#加压泵__温度_通道6_反馈,2025-02-28 03:23:29,0,192,20.1
_二期_供水泵房_5#加压泵__温度_通道6_反馈,2025-02-28 03:23:30,0,192,20.1
_二期_供水泵房_5#加压泵__温度_通道6_反馈,2025-02-28 03:23:31,0,192,20.1
_二期_供水泵房_5#加压泵__温度_通道6_反馈,2025-02-28 03:23:32,0,192,20.1
_二期_供水泵房_5#加压泵__温度_通道6_反馈,2025-02-28 03:23:33,0,192,20.1
_二期_供水泵房_5#加压泵__温度_通道6_反馈,2025-02-28 03:23:34,0,192,20.1
_二期_供水泵房_5#加压泵__温度_通道6_反馈,2025-02-28 03:23:35,0,192,20.1
_二期_供水泵房_5#加压泵__温度_通道6_反馈,2025-02-28 03:23:36,0,192,20.1
_二期_供水泵房_5#加压泵__温度_通道6_反馈,2025-02-28 03:23:37,0,192,20.1
_二期_供水泵房_5#加压泵__温度_通道6_反馈,2025-02-28 03:23:38,0,192,20.1
_二期_供水泵房_5#加压泵__温度_通道6_反馈,2025-02-28 03:23:39,0,192,20.1
_二期_供水泵房_5#加压泵__温度_通道6_反馈,2025-02-28 03:23:40,0,192,20.1
_二期_供水泵房_5#加压泵__温度_通道6_反馈,2025-02-28 03:23:41,0,192,20.1
_二期_供水泵房_5#加压泵__温度_通道6_反馈,2025-02-28 03:23:42,0,192,20.1
_二期_供水泵房_5#加压泵__温度_通道6_反馈,2025-02-28 03:23:43,0,192,20.1
_二期_供水泵房_5#加压泵__温度_通道6_反馈,2025-02-28 03:23:44,0,192,20.1
_二期_供水泵房_5#加压泵__温度_通道6_反馈,2025-02-28 03:23:45,0,192,20.1
_二期_供水泵房_5#加压泵__温度_通道6_反馈,2025-02-28 03:23:46,0,192,20.1
_二期_供水泵房_5#加压泵__温度_通道6_反馈,2025-02-28 03:23:47,0,192,20.1
_二期_供水泵房_5#加压泵__温度_通道6_反馈,2025-02-28 03:23:48,0,192,20.1
_二期_供水泵房_5#加压泵__温度_通道6_反馈,2025-02-28 03:23:49,0,192,20.1
_二期_供水泵房_5#加压泵__温度_通道6_反馈,2025-02-28 03:23:50,0,192,20.1
_二期_供水泵房_5#加压泵__温度_通道6_反馈,2025-02-28 03:23:51,0,192,20.1
_二期_供水泵房_5#加压泵__温度_通道6_反馈,2025-02-28 03:23:52,0,192,20.1
_二期_供水泵房_5#加压泵__温度_通道6_反馈,2025-02-28 03:23:53,0,192,20.1
_二期_供水泵房_5#加压泵__温度_通道6_反馈,2025-02-28 03:23:54,0,192,20.1
_二期_供水泵房_5#加压泵__温度_通道6_反馈,2025-02-28 03:23:55,0,192,20.1
_二期_供水泵房_5#加压泵__温度_通道6_反馈,2025-02-28 03:23:56,0,192,20.1
_二期_供水泵房_5#加压泵__温度_通道6_反馈,2025-02-28 03:23:57,0,192,20.1
_二期_供水泵房_5#加压泵__温度_通道6_反馈,2025-02-28 03:23:58,0,192,20.1
_二期_供水泵房_5#加压泵__温度_通道6_反馈,2025-02-28 03:23:59,0,192,20.1
_二期_供水泵房_5#加压泵__温度_通道6_反馈,2025-02-28 03:24:00,0,192,20.1
_二期_供水泵房_5#加压泵__温度_通道6_反馈,2025-02-28 03:24:01,0,192,20.1
_二期_供水泵房_5#加压泵__温度_通道6_反馈,2025-02-28 03:24:02,0,192,20.1
_二期_供水泵房_5#加压泵__温度_通道6_反馈,2025-02-28 03:24:03,0,192,20.1
_二期_供水泵房_5#加压泵__温度_通道6_反馈,2025-02-28 03:24:04,0,192,20.1
_二期_供水泵房_5#加压泵__温度_通道6_反馈,2025-02-28 03:24:05,0,192,20.1
_二期_供水泵房_5#加压泵__温度_通道6_反馈,2025-02-28 03:24:06,0,192,20.1
_二期_供水泵房_5#加压泵__温度_通道6_反馈,2025-02-28 03:24:07,0,192,20.1
_二期_供水泵房_5#加压泵__温度_通道6_反馈,2025-02-28 03:24:08,0,192,20.1
_二期_供水泵房_5#加压泵__温度_通道6_反馈,2025-02-28 03:24:09,0,192,20.1
_二期_供水泵房_5#加压泵__温度_通道6_反馈,2025-02-28 03:24:10,0,192,20.1
_二期_供水泵房_5#加压泵__温度_通道6_反馈,2025-02-28 03:24:11,0,192,20.1
_二期_供水泵房_5#加压泵__温度_通道6_反馈,2025-02-28 03:24:12,0,192,20.1
_二期_供水泵房_5#加压泵__温度_通道6_反馈,2025-02-28 03:24:13,0,192,20.1
_二期_供水泵房_5#加压泵__温度_通道6_反馈,2025-02-28 03:24:14,0,192,20.1
_二期_供水泵房_5#加压泵__温度_通道6_反馈,2025-02-28 03:24:15,0,192,20.1
_二期_供水泵房_5#加压泵__温度_通道6_反馈,2025-02-28 03:24:16,0,192,20.1
_二期_供水泵房_5#加压泵__温度_通道6_反馈,2025-02-28 03:24:17,0,192,20.1
_二期_供水泵房_5#加压泵__温度_通道6_反馈,2025-02-28 03:24:18,0,192,20.1
_二期_供水泵房_5#加压泵__温度_通道6_反馈,2025-02-28 03:24:19,0,192,20.1
_二期_供水泵房_5#加压泵__温度_通道6_反馈,2025-02-28 03:24:20,0,192,20.1
_二期_供水泵房_5#加压泵__温度_通道6_反馈,2025-02-28 03:24:21,0,192,20.1
_二期_供水泵房_5#加压泵__温度_通道6_反馈,2025-02-28 03:24:22,0,192,20.1
_二期_供水泵房_5#加压泵__温度_通道6_反馈,2025-02-28 03:24:23,0,192,20.1
_二期_供水泵房_5#加压泵__温度_通道6_反馈,2025-02-28 03:24:24,0,192,20.1
_二期_供水泵房_5#加压泵__温度_通道6_反馈,2025-02-28 03:24:25,0,192,20.1
_二期_供水泵房_5#加压泵__温度_通道6_反馈,2025-02-28 03:24:26,0,192,20.1
_二期_供水泵房_5#加压泵__温度_通道6_反馈,2025-02-28 03:24:27,0,192,20.1
_二期_供水泵房_5#加压泵__温度_通道6_反馈,2025-02-28 03:24:28,0,192,20.1
_二期_供水泵房_5#加压泵__温度_通道6_反馈,2025-02-28 03:24:29,0,192,20.1
_二期_供水泵房_5#加压泵__温度_通道6_反馈,2025-02-28 03:24:30,0,192,20.1
_二期_供水泵房_5#加压泵__温度_通道6_反馈,2025-02-28 03:24:31,0,192,20.1
_二期_供水泵房_5#加压泵__温度_通道6_反馈,2025-02-28 03:24:32,0,192,20.1
_二期_供水泵房_5#加压泵__温度_通道6_反馈,2025-02-28 03:24:33,0,192,20.1
_二期_供水泵房_5#加压泵__温度_通道6_反馈,2025-02-28 03:24:34,0,192,20.1
_二期_供水泵房_5#加压泵__温度_通道6_反馈,2025-02-28 03:24:35,0,192,20.1
_二期_供水泵房_5#加压泵__温度_通道6_反馈,2025-02-28 03:24:36,0,192,20.1
_二期_供水泵房_5#加压泵__温度_通道6_反馈,2025-02-28 03:24:37,0,192,20.1
_二期_供水泵房_5#加压泵__温度_通道6_反馈,2025-02-28 03:24:38,0,192,20.1
_二期_供水泵房_5#加压泵__温度_通道6_反馈,2025-02-28 03:24:39,0,192,20.1
_二期_供水泵房_5#加压泵__温度_通道6_反馈,2025-02-28 03:24:40,0,192,20.1
_二期_供水泵房_5#加压泵__温度_通道6_反馈,2025-02-28 03:24:41,0,192,20.1
_二期_供水泵房_5#加压泵__温度_通道6_反馈,2025-02-28 03:24:42,0,192,20.1
_二期_供水泵房_5#加压泵__温度_通道6_反馈,2025-02-28 03:24:43,0,192,20.1
_二期_供水泵房_5#加压泵__温度_通道6_反馈,2025-02-28 03:24:44,0,192,20.1
_二期_供水泵房_5#加压泵__温度_通道6_反馈,2025-02-28 03:24:45,0,192,20.1
_二期_供水泵房_5#加压泵__温度_通道6_反馈,2025-02-28 03:24:46,0,192,20.1
_二期_供水泵房_5#加压泵__温度_通道6_反馈,2025-02-28 03:24:47,0,192,20.1
_二期_供水泵房_5#加压泵__温度_通道6_反馈,2025-02-28 03:24:48,0,192,20.1
_二期_供水泵房_5#加压泵__温度_通道6_反馈,2025-02-28 03:24:49,0,192,20.1
_二期_供水泵房_5#加压泵__温度_通道6_反馈,2025-02-28 03:24:50,0,192,20.1
_二期_供水泵房_5#加压泵__温度_通道6_反馈,2025-02-28 03:24:51,0,192,20.1
_二期_供水泵房_5#加压泵__温度_通道6_反馈,2025-02-28 03:24:52,0,192,20.1
_二期_供水泵房_5#加压泵__温度_通道6_反馈,2025-02-28 03:24:53,0,192,20.1
_二期_供水泵房_5#加压泵__温度_通道6_反馈,2025-02-28 03:24:54,0,192,20.1
_二期_供水泵房_5#加压泵__温度_通道6_反馈,2025-02-28 03:24:55,0,192,20.1
_二期_供水泵房_5#加压泵__温度_通道6_反馈,2025-02-28 03:24:56,0,192,20.1
_二期_供水泵房_5#加压泵__温度_通道6_反馈,2025-02-28 03:24:57,0,192,20.1
_二期_供水泵房_5#加压泵__温度_通道6_反馈,2025-02-28 03:24:58,0,192,20.1
_二期_供水泵房_5#加压泵__温度_通道6_反馈,2025-02-28 03:24:59,0,192,20.1
_二期_供水泵房_5#加压泵__温度_通道6_反馈,2025-02-28 03:25:00,0,192,20.1
_二期_供水泵房_5#加压泵__温度_通道6_反馈,2025-02-28 03:25:01,0,192,20.1
_二期_供水泵房_5#加压泵__温度_通道6_反馈,2025-02-28 03:25:02,0,192,20.1
_二期_供水泵房_5#加压泵__温度_通道6_反馈,2025-02-28 03:25:03,0,192,20.1
_二期_供水泵房_5#加压泵__温度_通道6_反馈,2025-02-28 03:25:04,0,192,20.1
_二期_供水泵房_5#加压泵__温度_通道6_反馈,2025-02-28 03:25:05,0,192,20.1
_二期_供水泵房_5#加压泵__温度_通道6_反馈,2025-02-28 03:25:06,0,192,20.1
_二期_供水泵房_5#加压泵__温度_通道6_反馈,2025-02-28 03:25:07,0,192,20.1
_二期_供水泵房_5#加压泵__温度_通道6_反馈,2025-02-28 03:25:08,0,192,20.1
_二期_供水泵房_5#加压泵__温度_通道6_反馈,2025-02-28 03:25:09,0,192,20.1
_二期_供水泵房_5#加压泵__温度_通道6_反馈,2025-02-28 03:25:10,0,192,20.1
_二期_供水泵房_5#加压泵__温度_通道6_反馈,2025-02-28 03:25:11,0,192,20.1
_二期_供水泵房_5#加压泵__温度_通道6_反馈,2025-02-28 03:25:12,0,192,20.1
_二期_供水泵房_5#加压泵__温度_通道6_反馈,2025-02-28 03:25:13,0,192,20.1
_二期_供水泵房_5#加压泵__温度_通道6_反馈,2025-02-28 03:25:14,0,192,20.1
_二期_供水泵房_5#加压泵__温度_通道6_反馈,2025-02-28 03:25:15,0,192,20.1
_二期_供水泵房_5#加压泵__温度_通道6_反馈,2025-02-28 03:25:16,0,192,20.1
_二期_供水泵房_5#加压泵__温度_通道6_反馈,2025-02-28 03:25:17,0,192,20.1
_二期_供水泵房_5#加压泵__温度_通道6_反馈,2025-02-28 03:25:18,0,192,20.1
_二期_供水泵房_5#加压泵__温度_通道6_反馈,2025-02-28 03:25:19,0,192,20.1
_二期_供水泵房_5#加压泵__温度_通道6_反馈,2025-02-28 03:25:20,0,192,20.1
_二期_供水泵房_5#加压泵__温度_通道6_反馈,2025-02-28 03:25:21,0,192,20.1
_二期_供水泵房_5#加压泵__温度_通道6_反馈,2025-02-28 03:25:22,0,192,20.1
_二期_供水泵房_5#加压泵__温度_通道6_反馈,2025-02-28 03:25:23,0,192,20.1
_二期_供水泵房_5#加压泵__温度_通道6_反馈,2025-02-28 03:25:24,0,192,20.1
_二期_供水泵房_5#加压泵__温度_通道6_反馈,2025-02-28 03:25:25,0,192,20.1
_二期_供水泵房_5#加压泵__温度_通道6_反馈,2025-02-28 03:25:26,0,192,20.1
_二期_供水泵房_5#加压泵__温度_通道6_反馈,2025-02-28 03:25:27,0,192,20.1
_二期_供水泵房_5#加压泵__温度_通道6_反馈,2025-02-28 03:25:28,0,192,20.1
_二期_供水泵房_5#加压泵__温度_通道6_反馈,2025-02-28 03:25:29,0,192,20.1
_二期_供水泵房_5#加压泵__温度_通道6_反馈,2025-02-28 03:25:30,0,192,20.1
_二期_供水泵房_5#加压泵__温度_通道6_反馈,2025-02-28 03:25:31,0,192,20.1
_二期_供水泵房_5#加压泵__温度_通道6_反馈,2025-02-28 03:25:32,0,192,20.1
_二期_供水泵房_5#加压泵__温度_通道6_反馈,2025-02-28 03:25:33,0,192,20.1
_二期_供水泵房_5#加压泵__温度_通道6_反馈,2025-02-28 03:25:34,0,192,20.1
_二期_供水泵房_5#加压泵__温度_通道6_反馈,2025-02-28 03:25:35,0,192,20.1
_二期_供水泵房_5#加压泵__温度_通道6_反馈,2025-02-28 03:25:36,0,192,20.1
_二期_供水泵房_5#加压泵__温度_通道6_反馈,2025-02-28 03:25:37,0,192,20.1
_二期_供水泵房_5#加压泵__温度_通道6_反馈,2025-02-28 03:25:38,0,192,20.1
_二期_供水泵房_5#加压泵__温度_通道6_反馈,2025-02-28 03:25:39,0,192,20.1
_二期_供水泵房_5#加压泵__温度_通道6_反馈,2025-02-28 03:25:40,0,192,20.1
_二期_供水泵房_5#加压泵__温度_通道6_反馈,2025-02-28 03:25:41,0,192,20.1
_二期_供水泵房_5#加压泵__温度_通道6_反馈,2025-02-28 03:25:42,0,192,20.1
_二期_供水泵房_5#加压泵__温度_通道6_反馈,2025-02-28 03:25:43,0,192,20.1
_二期_供水泵房_5#加压泵__温度_通道6_反馈,2025-02-28 03:25:44,0,192,20.1
_二期_供水泵房_5#加压泵__温度_通道6_反馈,2025-02-28 03:25:45,0,192,20.1
_二期_供水泵房_5#加压泵__温度_通道6_反馈,2025-02-28 03:25:46,0,192,20.1
_二期_供水泵房_5#加压泵__温度_通道6_反馈,2025-02-28 03:25:47,0,192,20.1
_二期_供水泵房_5#加压泵__温度_通道6_反馈,2025-02-28 03:25:48,0,192,20.1
_二期_供水泵房_5#加压泵__温度_通道6_反馈,2025-02-28 03:25:49,0,192,20.1
_二期_供水泵房_5#加压泵__温度_通道6_反馈,2025-02-28 03:25:50,0,192,20.1
_二期_供水泵房_5#加压泵__温度_通道6_反馈,2025-02-28 03:25:51,0,192,20.1
_二期_供水泵房_5#加压泵__温度_通道6_反馈,2025-02-28 03:25:52,0,192,20.1
_二期_供水泵房_5#加压泵__温度_通道6_反馈,2025-02-28 03:25:53,0,192,20.1
_二期_供水泵房_5#加压泵__温度_通道6_反馈,2025-02-28 03:25:54,0,192,20.1
_二期_供水泵房_5#加压泵__温度_通道6_反馈,2025-02-28 03:25:55,0,192,20.1
_二期_供水泵房_5#加压泵__温度_通道6_反馈,2025-02-28 03:25:56,0,192,20.1
_二期_供水泵房_5#加压泵__温度_通道6_反馈,2025-02-28 03:25:57,0,192,20.1
_二期_供水泵房_5#加压泵__温度_通道6_反馈,2025-02-28 03:25:58,0,192,20.1
_二期_供水泵房_5#加压泵__温度_通道6_反馈,2025-02-28 03:25:59,0,192,20.1
_二期_供水泵房_5#加压泵__温度_通道6_反馈,2025-02-28 03:26:00,0,192,20.1
_二期_供水泵房_5#加压泵__温度_通道6_反馈,2025-02-28 03:26:01,0,192,20.1
_二期_供水泵房_5#加压泵__温度_通道6_反馈,2025-02-28 03:26:02,0,192,20.1
_二期_供水泵房_5#加压泵__温度_通道6_反馈,2025-02-28 03:26:03,0,192,20.1
_二期_供水泵房_5#加压泵__温度_通道6_反馈,2025-02-28 03:26:04,0,192,20.1
_二期_供水泵房_5#加压泵__温度_通道6_反馈,2025-02-28 03:26:05,0,192,20.1
_二期_供水泵房_5#加压泵__温度_通道6_反馈,2025-02-28 03:26:06,0,192,20.1
_二期_供水泵房_5#加压泵__温度_通道6_反馈,2025-02-28 03:26:07,0,192,20.1
_二期_供水泵房_5#加压泵__温度_通道6_反馈,2025-02-28 03:26:08,0,192,20.1
_二期_供水泵房_5#加压泵__温度_通道6_反馈,2025-02-28 03:26:09,0,192,20.1
_二期_供水泵房_5#加压泵__温度_通道6_反馈,2025-02-28 03:26:10,0,192,20.1
_二期_供水泵房_5#加压泵__温度_通道6_反馈,2025-02-28 03:26:11,0,192,20.1
_二期_供水泵房_5#加压泵__温度_通道6_反馈,2025-02-28 03:26:12,0,192,20.1
_二期_供水泵房_5#加压泵__温度_通道6_反馈,2025-02-28 03:26:13,0,192,20.1
_二期_供水泵房_5#加压泵__温度_通道6_反馈,2025-02-28 03:26:14,0,192,20.1
_二期_供水泵房_5#加压泵__温度_通道6_反馈,2025-02-28 03:26:15,0,192,20.1
_二期_供水泵房_5#加压泵__温度_通道6_反馈,2025-02-28 03:26:16,0,192,20.1
_二期_供水泵房_5#加压泵__温度_通道6_反馈,2025-02-28 03:26:17,0,192,20.1
_二期_供水泵房_5#加压泵__温度_通道6_反馈,2025-02-28 03:26:18,0,192,20.1
_二期_供水泵房_5#加压泵__温度_通道6_反馈,2025-02-28 03:26:19,0,192,20.1
_二期_供水泵房_5#加压泵__温度_通道6_反馈,2025-02-28 03:26:20,0,192,20.1
_二期_供水泵房_5#加压泵__温度_通道6_反馈,2025-02-28 03:26:21,0,192,20.1
_二期_供水泵房_5#加压泵__温度_通道6_反馈,2025-02-28 03:26:22,0,192,20.1
_二期_供水泵房_5#加压泵__温度_通道6_反馈,2025-02-28 03:26:23,0,192,20.1
_二期_供水泵房_5#加压泵__温度_通道6_反馈,2025-02-28 03:26:24,0,192,20.1
_二期_供水泵房_5#加压泵__温度_通道6_反馈,2025-02-28 03:26:25,0,192,20.1
_二期_供水泵房_5#加压泵__温度_通道6_反馈,2025-02-28 03:26:26,0,192,20.1
_二期_供水泵房_5#加压泵__温度_通道6_反馈,2025-02-28 03:26:27,0,192,20.1
_二期_供水泵房_5#加压泵__温度_通道6_反馈,2025-02-28 03:26:28,0,192,20.1
_二期_供水泵房_5#加压泵__温度_通道6_反馈,2025-02-28 03:26:29,0,192,20.1
_二期_供水泵房_5#加压泵__温度_通道6_反馈,2025-02-28 03:26:30,0,192,20.1
_二期_供水泵房_5#加压泵__温度_通道6_反馈,2025-02-28 03:26:31,0,192,20.1
_二期_供水泵房_5#加压泵__温度_通道6_反馈,2025-02-28 03:26:32,0,192,20.1
_二期_供水泵房_5#加压泵__温度_通道6_反馈,2025-02-28 03:26:33,0,192,20.1
_二期_供水泵房_5#加压泵__温度_通道6_反馈,2025-02-28 03:26:34,0,192,20.1
_二期_供水泵房_5#加压泵__温度_通道6_反馈,2025-02-28 03:26:35,0,192,20.1
_二期_供水泵房_5#加压泵__温度_通道6_反馈,2025-02-28 03:26:36,0,192,20.1
_二期_供水泵房_5#加压泵__温度_通道6_反馈,2025-02-28 03:26:37,0,192,20.1
_二期_供水泵房_5#加压泵__温度_通道6_反馈,2025-02-28 03:26:38,0,192,20.1
_二期_供水泵房_5#加压泵__温度_通道6_反馈,2025-02-28 03:26:39,0,192,20.1
_二期_供水泵房_5#加压泵__温度_通道6_反馈,2025-02-28 03:26:40,0,192,20.1
_二期_供水泵房_5#加压泵__温度_通道6_反馈,2025-02-28 03:26:41,0,192,20.1
_二期_供水泵房_5#加压泵__温度_通道6_反馈,2025-02-28 03:26:42,0,192,20.1
_二期_供水泵房_5#加压泵__温度_通道6_反馈,2025-02-28 03:26:43,0,192,20.1
_二期_供水泵房_5#加压泵__温度_通道6_反馈,2025-02-28 03:26:44,0,192,20.1
_二期_供水泵房_5#加压泵__温度_通道6_反馈,2025-02-28 03:26:45,0,192,20.1
_二期_供水泵房_5#加压泵__温度_通道6_反馈,2025-02-28 03:26:46,0,192,20.1
_二期_供水泵房_5#加压泵__温度_通道6_反馈,2025-02-28 03:26:47,0,192,20.1
_二期_供水泵房_5#加压泵__温度_通道6_反馈,2025-02-28 03:26:48,0,192,20.1
_二期_供水泵房_5#加压泵__温度_通道6_反馈,2025-02-28 03:26:49,0,192,20.1
_二期_供水泵房_5#加压泵__温度_通道6_反馈,2025-02-28 03:26:50,0,192,20.1
_二期_供水泵房_5#加压泵__温度_通道6_反馈,2025-02-28 03:26:51,0,192,20.1
_二期_供水泵房_5#加压泵__温度_通道6_反馈,2025-02-28 03:26:52,0,192,20.1
_二期_供水泵房_5#加压泵__温度_通道6_反馈,2025-02-28 03:26:53,0,192,20.1
_二期_供水泵房_5#加压泵__温度_通道6_反馈,2025-02-28 03:26:54,0,192,20.1
_二期_供水泵房_5#加压泵__温度_通道6_反馈,2025-02-28 03:26:55,0,192,20.1
_二期_供水泵房_5#加压泵__温度_通道6_反馈,2025-02-28 03:26:56,0,192,20.1
_二期_供水泵房_5#加压泵__温度_通道6_反馈,2025-02-28 03:26:57,0,192,20.1
_二期_供水泵房_5#加压泵__温度_通道6_反馈,2025-02-28 03:26:58,0,192,20.1
_二期_供水泵房_5#加压泵__温度_通道6_反馈,2025-02-28 03:26:59,0,192,20.1
_二期_供水泵房_5#加压泵__温度_通道6_反馈,2025-02-28 03:27:00,0,192,20.1
_二期_供水泵房_5#加压泵__温度_通道6_反馈,2025-02-28 03:27:01,0,192,20.1
_二期_供水泵房_5#加压泵__温度_通道6_反馈,2025-02-28 03:27:02,0,192,20.1
_二期_供水泵房_5#加压泵__温度_通道6_反馈,2025-02-28 03:27:03,0,192,20.1
_二期_供水泵房_5#加压泵__温度_通道6_反馈,2025-02-28 03:27:04,0,192,20.1
_二期_供水泵房_5#加压泵__温度_通道6_反馈,2025-02-28 03:27:05,0,192,20.1
_二期_供水泵房_5#加压泵__温度_通道6_反馈,2025-02-28 03:27:06,0,192,20.1
_二期_供水泵房_5#加压泵__温度_通道6_反馈,2025-02-28 03:27:07,0,192,20.1
_二期_供水泵房_5#加压泵__温度_通道6_反馈,2025-02-28 03:27:08,0,192,20.1
_二期_供水泵房_5#加压泵__温度_通道6_反馈,2025-02-28 03:27:09,0,192,20.1
_二期_供水泵房_5#加压泵__温度_通道6_反馈,2025-02-28 03:27:10,0,192,20.1
_二期_供水泵房_5#加压泵__温度_通道6_反馈,2025-02-28 03:27:11,0,192,20.1
_二期_供水泵房_5#加压泵__温度_通道6_反馈,2025-02-28 03:27:12,0,192,20.1
_二期_供水泵房_5#加压泵__温度_通道6_反馈,2025-02-28 03:27:13,0,192,20.1
_二期_供水泵房_5#加压泵__温度_通道6_反馈,2025-02-28 03:27:14,0,192,20.1
_二期_供水泵房_5#加压泵__温度_通道6_反馈,2025-02-28 03:27:15,0,192,20.1
_二期_供水泵房_5#加压泵__温度_通道6_反馈,2025-02-28 03:27:16,0,192,20.1
_二期_供水泵房_5#加压泵__温度_通道6_反馈,2025-02-28 03:27:17,0,192,20.1
_二期_供水泵房_5#加压泵__温度_通道6_反馈,2025-02-28 03:27:18,0,192,20.1
_二期_供水泵房_5#加压泵__温度_通道6_反馈,2025-02-28 03:27:19,0,192,20.1
_二期_供水泵房_5#加压泵__温度_通道6_反馈,2025-02-28 03:27:20,0,192,20.1
_二期_供水泵房_5#加压泵__温度_通道6_反馈,2025-02-28 03:27:21,0,192,20.1
_二期_供水泵房_5#加压泵__温度_通道6_反馈,2025-02-28 03:27:22,0,192,20.1
_二期_供水泵房_5#加压泵__温度_通道6_反馈,2025-02-28 03:27:23,0,192,20.1
_二期_供水泵房_5#加压泵__温度_通道6_反馈,2025-02-28 03:27:24,0,192,20.1
_二期_供水泵房_5#加压泵__温度_通道6_反馈,2025-02-28 03:27:25,0,192,20.1
_二期_供水泵房_5#加压泵__温度_通道6_反馈,2025-02-28 03:27:26,0,192,20.1
_二期_供水泵房_5#加压泵__温度_通道6_反馈,2025-02-28 03:27:27,0,192,20.1
_二期_供水泵房_5#加压泵__温度_通道6_反馈,2025-02-28 03:27:28,0,192,20.1
_二期_供水泵房_5#加压泵__温度_通道6_反馈,2025-02-28 03:27:29,0,192,20.1
_二期_供水泵房_5#加压泵__温度_通道6_反馈,2025-02-28 03:27:30,0,192,20.1
_二期_供水泵房_5#加压泵__温度_通道6_反馈,2025-02-28 03:27:31,0,192,20.1
_二期_供水泵房_5#加压泵__温度_通道6_反馈,2025-02-28 03:27:32,0,192,20.1
_二期_供水泵房_5#加压泵__温度_通道6_反馈,2025-02-28 03:27:33,0,192,20.1
_二期_供水泵房_5#加压泵__温度_通道6_反馈,2025-02-28 03:27:34,0,192,20.1
_二期_供水泵房_5#加压泵__温度_通道6_反馈,2025-02-28 03:27:35,0,192,20.1
_二期_供水泵房_5#加压泵__温度_通道6_反馈,2025-02-28 03:27:36,0,192,20.1
_二期_供水泵房_5#加压泵__温度_通道6_反馈,2025-02-28 03:27:37,0,192,20.1
_二期_供水泵房_5#加压泵__温度_通道6_反馈,2025-02-28 03:27:38,0,192,20.1
_二期_供水泵房_5#加压泵__温度_通道6_反馈,2025-02-28 03:27:39,0,192,20.1
_二期_供水泵房_5#加压泵__温度_通道6_反馈,2025-02-28 03:27:40,0,192,20.1
_二期_供水泵房_5#加压泵__温度_通道6_反馈,2025-02-28 03:27:41,0,192,20.1
_二期_供水泵房_5#加压泵__温度_通道6_反馈,2025-02-28 03:27:42,0,192,20.1
_二期_供水泵房_5#加压泵__温度_通道6_反馈,2025-02-28 03:27:43,0,192,20.1
_二期_供水泵房_5#加压泵__温度_通道6_反馈,2025-02-28 03:27:44,0,192,20.1
_二期_供水泵房_5#加压泵__温度_通道6_反馈,2025-02-28 03:27:45,0,192,20.1
_二期_供水泵房_5#加压泵__温度_通道6_反馈,2025-02-28 03:27:46,0,192,20.1
_二期_供水泵房_5#加压泵__温度_通道6_反馈,2025-02-28 03:27:47,0,192,20.1
_二期_供水泵房_5#加压泵__温度_通道6_反馈,2025-02-28 03:27:48,0,192,20.1
_二期_供水泵房_5#加压泵__温度_通道6_反馈,2025-02-28 03:27:49,0,192,20.1
_二期_供水泵房_5#加压泵__温度_通道6_反馈,2025-02-28 03:27:50,0,192,20.1
_二期_供水泵房_5#加压泵__温度_通道6_反馈,2025-02-28 03:27:51,0,192,20.1
_二期_供水泵房_5#加压泵__温度_通道6_反馈,2025-02-28 03:27:52,0,192,20.1
_二期_供水泵房_5#加压泵__温度_通道6_反馈,2025-02-28 03:27:53,0,192,20.1
_二期_供水泵房_5#加压泵__温度_通道6_反馈,2025-02-28 03:27:54,0,192,20.1
_二期_供水泵房_5#加压泵__温度_通道6_反馈,2025-02-28 03:27:55,0,192,20.1
_二期_供水泵房_5#加压泵__温度_通道6_反馈,2025-02-28 03:27:56,0,192,20.1
_二期_供水泵房_5#加压泵__温度_通道6_反馈,2025-02-28 03:27:57,0,192,20.1
_二期_供水泵房_5#加压泵__温度_通道6_反馈,2025-02-28 03:27:58,0,192,20.1
_二期_供水泵房_5#加压泵__温度_通道6_反馈,2025-02-28 03:27:59,0,192,20.1
_二期_供水泵房_5#加压泵__温度_通道6_反馈,2025-02-28 03:28:00,0,192,20.1
_二期_供水泵房_5#加压泵__温度_通道6_反馈,2025-02-28 03:28:01,0,192,20.1
_二期_供水泵房_5#加压泵__温度_通道6_反馈,2025-02-28 03:28:02,0,192,20.1
_二期_供水泵房_5#加压泵__温度_通道6_反馈,2025-02-28 03:28:03,0,192,20.1
_二期_供水泵房_5#加压泵__温度_通道6_反馈,2025-02-28 03:28:04,0,192,20.1
_二期_供水泵房_5#加压泵__温度_通道6_反馈,2025-02-28 03:28:05,0,192,20.1
_二期_供水泵房_5#加压泵__温度_通道6_反馈,2025-02-28 03:28:06,0,192,20.1
_二期_供水泵房_5#加压泵__温度_通道6_反馈,2025-02-28 03:28:07,0,192,20.1
_二期_供水泵房_5#加压泵__温度_通道6_反馈,2025-02-28 03:28:08,0,192,20.1
_二期_供水泵房_5#加压泵__温度_通道6_反馈,2025-02-28 03:28:09,0,192,20.1
_二期_供水泵房_5#加压泵__温度_通道6_反馈,2025-02-28 03:28:10,0,192,20.1
_二期_供水泵房_5#加压泵__温度_通道6_反馈,2025-02-28 03:28:11,0,192,20.1
_二期_供水泵房_5#加压泵__温度_通道6_反馈,2025-02-28 03:28:12,0,192,20.1
_二期_供水泵房_5#加压泵__温度_通道6_反馈,2025-02-28 03:28:13,0,192,20.1
_二期_供水泵房_5#加压泵__温度_通道6_反馈,2025-02-28 03:28:14,0,192,20.1
_二期_供水泵房_5#加压泵__温度_通道6_反馈,2025-02-28 03:28:15,0,192,20.1
_二期_供水泵房_5#加压泵__温度_通道6_反馈,2025-02-28 03:28:16,0,192,20.1
_二期_供水泵房_5#加压泵__温度_通道6_反馈,2025-02-28 03:28:17,0,192,20.1
_二期_供水泵房_5#加压泵__温度_通道6_反馈,2025-02-28 03:28:18,0,192,20.1
_二期_供水泵房_5#加压泵__温度_通道6_反馈,2025-02-28 03:28:19,0,192,20.1
_二期_供水泵房_5#加压泵__温度_通道6_反馈,2025-02-28 03:28:20,0,192,20.1
_二期_供水泵房_5#加压泵__温度_通道6_反馈,2025-02-28 03:28:21,0,192,20.1
_二期_供水泵房_5#加压泵__温度_通道6_反馈,2025-02-28 03:28:22,0,192,20.1
_二期_供水泵房_5#加压泵__温度_通道6_反馈,2025-02-28 03:28:23,0,192,20.1
_二期_供水泵房_5#加压泵__温度_通道6_反馈,2025-02-28 03:28:24,0,192,20.1
_二期_供水泵房_5#加压泵__温度_通道6_反馈,2025-02-28 03:28:25,0,192,20.1
_二期_供水泵房_5#加压泵__温度_通道6_反馈,2025-02-28 03:28:26,0,192,20.1
_二期_供水泵房_5#加压泵__温度_通道6_反馈,2025-02-28 03:28:27,0,192,20.1
_二期_供水泵房_5#加压泵__温度_通道6_反馈,2025-02-28 03:28:28,0,192,20.1
_二期_供水泵房_5#加压泵__温度_通道6_反馈,2025-02-28 03:28:29,0,192,20.1
_二期_供水泵房_5#加压泵__温度_通道6_反馈,2025-02-28 03:28:30,0,192,20.1
_二期_供水泵房_5#加压泵__温度_通道6_反馈,2025-02-28 03:28:31,0,192,20.1
_二期_供水泵房_5#加压泵__温度_通道6_反馈,2025-02-28 03:28:32,0,192,20.1
_二期_供水泵房_5#加压泵__温度_通道6_反馈,2025-02-28 03:28:33,0,192,20.1
_二期_供水泵房_5#加压泵__温度_通道6_反馈,2025-02-28 03:28:34,0,192,20.1
_二期_供水泵房_5#加压泵__温度_通道6_反馈,2025-02-28 03:28:35,0,192,20.1
_二期_供水泵房_5#加压泵__温度_通道6_反馈,2025-02-28 03:28:36,0,192,20.1
_二期_供水泵房_5#加压泵__温度_通道6_反馈,2025-02-28 03:28:37,0,192,20.1
_二期_供水泵房_5#加压泵__温度_通道6_反馈,2025-02-28 03:28:38,0,192,20.1
_二期_供水泵房_5#加压泵__温度_通道6_反馈,2025-02-28 03:28:39,0,192,20.1
_二期_供水泵房_5#加压泵__温度_通道6_反馈,2025-02-28 03:28:40,0,192,20.1
_二期_供水泵房_5#加压泵__温度_通道6_反馈,2025-02-28 03:28:41,0,192,20.1
_二期_供水泵房_5#加压泵__温度_通道6_反馈,2025-02-28 03:28:42,0,192,20.1
_二期_供水泵房_5#加压泵__温度_通道6_反馈,2025-02-28 03:28:43,0,192,20.1
_二期_供水泵房_5#加压泵__温度_通道6_反馈,2025-02-28 03:28:44,0,192,20.1
_二期_供水泵房_5#加压泵__温度_通道6_反馈,2025-02-28 03:28:45,0,192,20.1
_二期_供水泵房_5#加压泵__温度_通道6_反馈,2025-02-28 03:28:46,0,192,20.1
_二期_供水泵房_5#加压泵__温度_通道6_反馈,2025-02-28 03:28:47,0,192,20.1
_二期_供水泵房_5#加压泵__温度_通道6_反馈,2025-02-28 03:28:48,0,192,20.1
_二期_供水泵房_5#加压泵__温度_通道6_反馈,2025-02-28 03:28:49,0,192,20.1
_二期_供水泵房_5#加压泵__温度_通道6_反馈,2025-02-28 03:28:50,0,192,20.1
_二期_供水泵房_5#加压泵__温度_通道6_反馈,2025-02-28 03:28:51,0,192,20.1
_二期_供水泵房_5#加压泵__温度_通道6_反馈,2025-02-28 03:28:52,0,192,20.1
_二期_供水泵房_5#加压泵__温度_通道6_反馈,2025-02-28 03:28:53,0,192,20.1
_二期_供水泵房_5#加压泵__温度_通道6_反馈,2025-02-28 03:28:54,0,192,20.1
_二期_供水泵房_5#加压泵__温度_通道6_反馈,2025-02-28 03:28:55,0,192,20.1
_二期_供水泵房_5#加压泵__温度_通道6_反馈,2025-02-28 03:28:56,0,192,20.1
_二期_供水泵房_5#加压泵__温度_通道6_反馈,2025-02-28 03:28:57,0,192,20.1
_二期_供水泵房_5#加压泵__温度_通道6_反馈,2025-02-28 03:28:58,0,192,20.1
_二期_供水泵房_5#加压泵__温度_通道6_反馈,2025-02-28 03:28:59,0,192,20.1
_二期_供水泵房_5#加压泵__温度_通道6_反馈,2025-02-28 03:29:00,0,192,20.1
_二期_供水泵房_5#加压泵__温度_通道6_反馈,2025-02-28 03:29:01,0,192,20.1
_二期_供水泵房_5#加压泵__温度_通道6_反馈,2025-02-28 03:29:02,0,192,20.1
_二期_供水泵房_5#加压泵__温度_通道6_反馈,2025-02-28 03:29:03,0,192,20.1
_二期_供水泵房_5#加压泵__温度_通道6_反馈,2025-02-28 03:29:04,0,192,20.1
_二期_供水泵房_5#加压泵__温度_通道6_反馈,2025-02-28 03:29:05,0,192,20.1
_二期_供水泵房_5#加压泵__温度_通道6_反馈,2025-02-28 03:29:06,0,192,20.1
_二期_供水泵房_5#加压泵__温度_通道6_反馈,2025-02-28 03:29:07,0,192,20.1
_二期_供水泵房_5#加压泵__温度_通道6_反馈,2025-02-28 03:29:08,0,192,20.1
_二期_供水泵房_5#加压泵__温度_通道6_反馈,2025-02-28 03:29:09,0,192,20.1
_二期_供水泵房_5#加压泵__温度_通道6_反馈,2025-02-28 03:29:10,0,192,20.1
_二期_供水泵房_5#加压泵__温度_通道6_反馈,2025-02-28 03:29:11,0,192,20.1
_二期_供水泵房_5#加压泵__温度_通道6_反馈,2025-02-28 03:29:12,0,192,20.1
_二期_供水泵房_5#加压泵__温度_通道6_反馈,2025-02-28 03:29:13,0,192,20.1
_二期_供水泵房_5#加压泵__温度_通道6_反馈,2025-02-28 03:29:14,0,192,20.1
_二期_供水泵房_5#加压泵__温度_通道6_反馈,2025-02-28 03:29:15,0,192,20.1
_二期_供水泵房_5#加压泵__温度_通道6_反馈,2025-02-28 03:29:16,0,192,20.1
_二期_供水泵房_5#加压泵__温度_通道6_反馈,2025-02-28 03:29:17,0,192,20.1
_二期_供水泵房_5#加压泵__温度_通道6_反馈,2025-02-28 03:29:18,0,192,20.1
_二期_供水泵房_5#加压泵__温度_通道6_反馈,2025-02-28 03:29:19,0,192,20.1
_二期_供水泵房_5#加压泵__温度_通道6_反馈,2025-02-28 03:29:20,0,192,20.1
_二期_供水泵房_5#加压泵__温度_通道6_反馈,2025-02-28 03:29:21,0,192,20.1
_二期_供水泵房_5#加压泵__温度_通道6_反馈,2025-02-28 03:29:22,0,192,20.1
_二期_供水泵房_5#加压泵__温度_通道6_反馈,2025-02-28 03:29:23,0,192,20.1
_二期_供水泵房_5#加压泵__温度_通道6_反馈,2025-02-28 03:29:24,0,192,20.1
_二期_供水泵房_5#加压泵__温度_通道6_反馈,2025-02-28 03:29:25,0,192,20.1
_二期_供水泵房_5#加压泵__温度_通道6_反馈,2025-02-28 03:29:26,0,192,20.1
_二期_供水泵房_5#加压泵__温度_通道6_反馈,2025-02-28 03:29:27,0,192,20.1
_二期_供水泵房_5#加压泵__温度_通道6_反馈,2025-02-28 03:29:28,0,192,20.1
_二期_供水泵房_5#加压泵__温度_通道6_反馈,2025-02-28 03:29:29,0,192,20.1
_二期_供水泵房_5#加压泵__温度_通道6_反馈,2025-02-28 03:29:30,0,192,20.1
_二期_供水泵房_5#加压泵__温度_通道6_反馈,2025-02-28 03:29:31,0,192,20.1
_二期_供水泵房_5#加压泵__温度_通道6_反馈,2025-02-28 03:29:32,0,192,20.1
_二期_供水泵房_5#加压泵__温度_通道6_反馈,2025-02-28 03:29:33,0,192,20.1
_二期_供水泵房_5#加压泵__温度_通道6_反馈,2025-02-28 03:29:34,0,192,20.1
_二期_供水泵房_5#加压泵__温度_通道6_反馈,2025-02-28 03:29:35,0,192,20.1
_二期_供水泵房_5#加压泵__温度_通道6_反馈,2025-02-28 03:29:36,0,192,20.1
_二期_供水泵房_5#加压泵__温度_通道6_反馈,2025-02-28 03:29:37,0,192,20.1
_二期_供水泵房_5#加压泵__温度_通道6_反馈,2025-02-28 03:29:38,0,192,20.1
_二期_供水泵房_5#加压泵__温度_通道6_反馈,2025-02-28 03:29:39,0,192,20.1
_二期_供水泵房_5#加压泵__温度_通道6_反馈,2025-02-28 03:29:40,0,192,20.1
_二期_供水泵房_5#加压泵__温度_通道6_反馈,2025-02-28 03:29:41,0,192,20.1
_二期_供水泵房_5#加压泵__温度_通道6_反馈,2025-02-28 03:29:42,0,192,20.1
_二期_供水泵房_5#加压泵__温度_通道6_反馈,2025-02-28 03:29:43,0,192,20.1
_二期_供水泵房_5#加压泵__温度_通道6_反馈,2025-02-28 03:29:44,0,192,20.1
_二期_供水泵房_5#加压泵__温度_通道6_反馈,2025-02-28 03:29:45,0,192,20.1
_二期_供水泵房_5#加压泵__温度_通道6_反馈,2025-02-28 03:29:46,0,192,20.1
_二期_供水泵房_5#加压泵__温度_通道6_反馈,2025-02-28 03:29:47,0,192,20.1
_二期_供水泵房_5#加压泵__温度_通道6_反馈,2025-02-28 03:29:48,0,192,20.1
_二期_供水泵房_5#加压泵__温度_通道6_反馈,2025-02-28 03:29:49,0,192,20.1
_二期_供水泵房_5#加压泵__温度_通道6_反馈,2025-02-28 03:29:50,0,192,20.1
_二期_供水泵房_5#加压泵__温度_通道6_反馈,2025-02-28 03:29:51,0,192,20.1
_二期_供水泵房_5#加压泵__温度_通道6_反馈,2025-02-28 03:29:52,0,192,20.1
_二期_供水泵房_5#加压泵__温度_通道6_反馈,2025-02-28 03:29:53,0,192,20.1
_二期_供水泵房_5#加压泵__温度_通道6_反馈,2025-02-28 03:29:54,0,192,20.1
_二期_供水泵房_5#加压泵__温度_通道6_反馈,2025-02-28 03:29:55,0,192,20.1
_二期_供水泵房_5#加压泵__温度_通道6_反馈,2025-02-28 03:29:56,0,192,20.1
_二期_供水泵房_5#加压泵__温度_通道6_反馈,2025-02-28 03:29:57,0,192,20.1
_二期_供水泵房_5#加压泵__温度_通道6_反馈,2025-02-28 03:29:58,0,192,20.1
_二期_供水泵房_5#加压泵__温度_通道6_反馈,2025-02-28 03:29:59,0,192,20.1
_二期_供水泵房_5#加压泵__温度_通道6_反馈,2025-02-28 03:30:00,0,192,20.1
_二期_供水泵房_5#加压泵__温度_通道6_反馈,2025-02-28 03:30:01,0,192,20.1
_二期_供水泵房_5#加压泵__温度_通道6_反馈,2025-02-28 03:30:02,0,192,20.1
_二期_供水泵房_5#加压泵__温度_通道6_反馈,2025-02-28 03:30:03,0,192,20.1
_二期_供水泵房_5#加压泵__温度_通道6_反馈,2025-02-28 03:30:04,0,192,20.1
_二期_供水泵房_5#加压泵__温度_通道6_反馈,2025-02-28 03:30:05,0,192,20.1
_二期_供水泵房_5#加压泵__温度_通道6_反馈,2025-02-28 03:30:06,0,192,20.1
_二期_供水泵房_5#加压泵__温度_通道6_反馈,2025-02-28 03:30:07,0,192,20.1
_二期_供水泵房_5#加压泵__温度_通道6_反馈,2025-02-28 03:30:08,0,192,20.1
_二期_供水泵房_5#加压泵__温度_通道6_反馈,2025-02-28 03:30:09,0,192,20.1
_二期_供水泵房_5#加压泵__温度_通道6_反馈,2025-02-28 03:30:10,0,192,20.1
_二期_供水泵房_5#加压泵__温度_通道6_反馈,2025-02-28 03:30:11,0,192,20.1
_二期_供水泵房_5#加压泵__温度_通道6_反馈,2025-02-28 03:30:12,0,192,20.1
_二期_供水泵房_5#加压泵__温度_通道6_反馈,2025-02-28 03:30:13,0,192,20.1
_二期_供水泵房_5#加压泵__温度_通道6_反馈,2025-02-28 03:30:14,0,192,20.1
_二期_供水泵房_5#加压泵__温度_通道6_反馈,2025-02-28 03:30:15,0,192,20.1
_二期_供水泵房_5#加压泵__温度_通道6_反馈,2025-02-28 03:30:16,0,192,20.1
_二期_供水泵房_5#加压泵__温度_通道6_反馈,2025-02-28 03:30:17,0,192,20.1
_二期_供水泵房_5#加压泵__温度_通道6_反馈,2025-02-28 03:30:18,0,192,20.1
_二期_供水泵房_5#加压泵__温度_通道6_反馈,2025-02-28 03:30:19,0,192,20.1
_二期_供水泵房_5#加压泵__温度_通道6_反馈,2025-02-28 03:30:20,0,192,20.1
_二期_供水泵房_5#加压泵__温度_通道6_反馈,2025-02-28 03:30:21,0,192,20.1
_二期_供水泵房_5#加压泵__温度_通道6_反馈,2025-02-28 03:30:22,0,192,20.1
_二期_供水泵房_5#加压泵__温度_通道6_反馈,2025-02-28 03:30:23,0,192,20.1
_二期_供水泵房_5#加压泵__温度_通道6_反馈,2025-02-28 03:30:24,0,192,20.1
_二期_供水泵房_5#加压泵__温度_通道6_反馈,2025-02-28 03:30:25,0,192,20.1
_二期_供水泵房_5#加压泵__温度_通道6_反馈,2025-02-28 03:30:26,0,192,20.1
_二期_供水泵房_5#加压泵__温度_通道6_反馈,2025-02-28 03:30:27,0,192,20.1
_二期_供水泵房_5#加压泵__温度_通道6_反馈,2025-02-28 03:30:28,0,192,20.1
_二期_供水泵房_5#加压泵__温度_通道6_反馈,2025-02-28 03:30:29,0,192,20.1
_二期_供水泵房_5#加压泵__温度_通道6_反馈,2025-02-28 03:30:30,0,192,20.1
_二期_供水泵房_5#加压泵__温度_通道6_反馈,2025-02-28 03:30:31,0,192,20.1
_二期_供水泵房_5#加压泵__温度_通道6_反馈,2025-02-28 03:30:32,0,192,20.1
_二期_供水泵房_5#加压泵__温度_通道6_反馈,2025-02-28 03:30:33,0,192,20.1
_二期_供水泵房_5#加压泵__温度_通道6_反馈,2025-02-28 03:30:34,0,192,20.1
_二期_供水泵房_5#加压泵__温度_通道6_反馈,2025-02-28 03:30:35,0,192,20.1
_二期_供水泵房_5#加压泵__温度_通道6_反馈,2025-02-28 03:30:36,0,192,20.1
_二期_供水泵房_5#加压泵__温度_通道6_反馈,2025-02-28 03:30:37,0,192,20.1
_二期_供水泵房_5#加压泵__温度_通道6_反馈,2025-02-28 03:30:38,0,192,20.1
_二期_供水泵房_5#加压泵__温度_通道6_反馈,2025-02-28 03:30:39,0,192,20.1
_二期_供水泵房_5#加压泵__温度_通道6_反馈,2025-02-28 03:30:40,0,192,20.1
_二期_供水泵房_5#加压泵__温度_通道6_反馈,2025-02-28 03:30:41,0,192,20.1
_二期_供水泵房_5#加压泵__温度_通道6_反馈,2025-02-28 03:30:42,0,192,20.1
_二期_供水泵房_5#加压泵__温度_通道6_反馈,2025-02-28 03:30:43,0,192,20.1
_二期_供水泵房_5#加压泵__温度_通道6_反馈,2025-02-28 03:30:44,0,192,20.1
_二期_供水泵房_5#加压泵__温度_通道6_反馈,2025-02-28 03:30:45,0,192,20.1
_二期_供水泵房_5#加压泵__温度_通道6_反馈,2025-02-28 03:30:46,0,192,20.1
_二期_供水泵房_5#加压泵__温度_通道6_反馈,2025-02-28 03:30:47,0,192,20.1
_二期_供水泵房_5#加压泵__温度_通道6_反馈,2025-02-28 03:30:48,0,192,20.1
_二期_供水泵房_5#加压泵__温度_通道6_反馈,2025-02-28 03:30:49,0,192,20.1
_二期_供水泵房_5#加压泵__温度_通道6_反馈,2025-02-28 03:30:50,0,192,20.1
_二期_供水泵房_5#加压泵__温度_通道6_反馈,2025-02-28 03:30:51,0,192,20.1
_二期_供水泵房_5#加压泵__温度_通道6_反馈,2025-02-28 03:30:52,0,192,20.1
_二期_供水泵房_5#加压泵__温度_通道6_反馈,2025-02-28 03:30:53,0,192,20.1
_二期_供水泵房_5#加压泵__温度_通道6_反馈,2025-02-28 03:30:54,0,192,20.1
_二期_供水泵房_5#加压泵__温度_通道6_反馈,2025-02-28 03:30:55,0,192,20.1
_二期_供水泵房_5#加压泵__温度_通道6_反馈,2025-02-28 03:30:56,0,192,20.1
_二期_供水泵房_5#加压泵__温度_通道6_反馈,2025-02-28 03:30:57,0,192,20.1
_二期_供水泵房_5#加压泵__温度_通道6_反馈,2025-02-28 03:30:58,0,192,20.1
_二期_供水泵房_5#加压泵__温度_通道6_反馈,2025-02-28 03:30:59,0,192,20.1
_二期_供水泵房_5#加压泵__温度_通道6_反馈,2025-02-28 03:31:00,0,192,20.1
_二期_供水泵房_5#加压泵__温度_通道6_反馈,2025-02-28 03:31:01,0,192,20.1
_二期_供水泵房_5#加压泵__温度_通道6_反馈,2025-02-28 03:31:02,0,192,20.1
_二期_供水泵房_5#加压泵__温度_通道6_反馈,2025-02-28 03:31:03,0,192,20.1
_二期_供水泵房_5#加压泵__温度_通道6_反馈,2025-02-28 03:31:04,0,192,20.1
_二期_供水泵房_5#加压泵__温度_通道6_反馈,2025-02-28 03:31:05,0,192,20.1
_二期_供水泵房_5#加压泵__温度_通道6_反馈,2025-02-28 03:31:06,0,192,20.1
_二期_供水泵房_5#加压泵__温度_通道6_反馈,2025-02-28 03:31:07,0,192,20.1
_二期_供水泵房_5#加压泵__温度_通道6_反馈,2025-02-28 03:31:08,0,192,20.1
_二期_供水泵房_5#加压泵__温度_通道6_反馈,2025-02-28 03:31:09,0,192,20.1
_二期_供水泵房_5#加压泵__温度_通道6_反馈,2025-02-28 03:31:10,0,192,20.1
_二期_供水泵房_5#加压泵__温度_通道6_反馈,2025-02-28 03:31:11,0,192,20.1
_二期_供水泵房_5#加压泵__温度_通道6_反馈,2025-02-28 03:31:12,0,192,20.1
_二期_供水泵房_5#加压泵__温度_通道6_反馈,2025-02-28 03:31:13,0,192,20.1
_二期_供水泵房_5#加压泵__温度_通道6_反馈,2025-02-28 03:31:14,0,192,20.1
_二期_供水泵房_5#加压泵__温度_通道6_反馈,2025-02-28 03:31:15,0,192,20.1
_二期_供水泵房_5#加压泵__温度_通道6_反馈,2025-02-28 03:31:16,0,192,20.1
_二期_供水泵房_5#加压泵__温度_通道6_反馈,2025-02-28 03:31:17,0,192,20.1
_二期_供水泵房_5#加压泵__温度_通道6_反馈,2025-02-28 03:31:18,0,192,20.1
_二期_供水泵房_5#加压泵__温度_通道6_反馈,2025-02-28 03:31:19,0,192,20.1
_二期_供水泵房_5#加压泵__温度_通道6_反馈,2025-02-28 03:31:20,0,192,20.1
_二期_供水泵房_5#加压泵__温度_通道6_反馈,2025-02-28 03:31:21,0,192,20.1
_二期_供水泵房_5#加压泵__温度_通道6_反馈,2025-02-28 03:31:22,0,192,20.1
_二期_供水泵房_5#加压泵__温度_通道6_反馈,2025-02-28 03:31:23,0,192,20.1
_二期_供水泵房_5#加压泵__温度_通道6_反馈,2025-02-28 03:31:24,0,192,20.1
_二期_供水泵房_5#加压泵__温度_通道6_反馈,2025-02-28 03:31:25,0,192,20.1
_二期_供水泵房_5#加压泵__温度_通道6_反馈,2025-02-28 03:31:26,0,192,20.1
_二期_供水泵房_5#加压泵__温度_通道6_反馈,2025-02-28 03:31:27,0,192,20.1
_二期_供水泵房_5#加压泵__温度_通道6_反馈,2025-02-28 03:31:28,0,192,20.1
_二期_供水泵房_5#加压泵__温度_通道6_反馈,2025-02-28 03:31:29,0,192,20.1
_二期_供水泵房_5#加压泵__温度_通道6_反馈,2025-02-28 03:31:30,0,192,20.1
_二期_供水泵房_5#加压泵__温度_通道6_反馈,2025-02-28 03:31:31,0,192,20.1
_二期_供水泵房_5#加压泵__温度_通道6_反馈,2025-02-28 03:31:32,0,192,20.1
_二期_供水泵房_5#加压泵__温度_通道6_反馈,2025-02-28 03:31:33,0,192,20.1
_二期_供水泵房_5#加压泵__温度_通道6_反馈,2025-02-28 03:31:34,0,192,20.1
_二期_供水泵房_5#加压泵__温度_通道6_反馈,2025-02-28 03:31:35,0,192,20.1
_二期_供水泵房_5#加压泵__温度_通道6_反馈,2025-02-28 03:31:36,0,192,20.1
_二期_供水泵房_5#加压泵__温度_通道6_反馈,2025-02-28 03:31:37,0,192,20.1
_二期_供水泵房_5#加压泵__温度_通道6_反馈,2025-02-28 03:31:38,0,192,20.1
_二期_供水泵房_5#加压泵__温度_通道6_反馈,2025-02-28 03:31:39,0,192,20.1
_二期_供水泵房_5#加压泵__温度_通道6_反馈,2025-02-28 03:31:40,0,192,20.1
_二期_供水泵房_5#加压泵__温度_通道6_反馈,2025-02-28 03:31:41,0,192,20.1
_二期_供水泵房_5#加压泵__温度_通道6_反馈,2025-02-28 03:31:42,0,192,20.1
_二期_供水泵房_5#加压泵__温度_通道6_反馈,2025-02-28 03:31:43,0,192,20.1
_二期_供水泵房_5#加压泵__温度_通道6_反馈,2025-02-28 03:31:44,0,192,20.1
_二期_供水泵房_5#加压泵__温度_通道6_反馈,2025-02-28 03:31:45,0,192,20.1
_二期_供水泵房_5#加压泵__温度_通道6_反馈,2025-02-28 03:31:46,0,192,20.1
_二期_供水泵房_5#加压泵__温度_通道6_反馈,2025-02-28 03:31:47,0,192,20.1
_二期_供水泵房_5#加压泵__温度_通道6_反馈,2025-02-28 03:31:48,0,192,20.1
_二期_供水泵房_5#加压泵__温度_通道6_反馈,2025-02-28 03:31:49,0,192,20.1
_二期_供水泵房_5#加压泵__温度_通道6_反馈,2025-02-28 03:31:50,0,192,20.1
_二期_供水泵房_5#加压泵__温度_通道6_反馈,2025-02-28 03:31:51,0,192,20.1
_二期_供水泵房_5#加压泵__温度_通道6_反馈,2025-02-28 03:31:52,0,192,20.1
_二期_供水泵房_5#加压泵__温度_通道6_反馈,2025-02-28 03:31:53,0,192,20.1
_二期_供水泵房_5#加压泵__温度_通道6_反馈,2025-02-28 03:31:54,0,192,20.1
_二期_供水泵房_5#加压泵__温度_通道6_反馈,2025-02-28 03:31:55,0,192,20.1
_二期_供水泵房_5#加压泵__温度_通道6_反馈,2025-02-28 03:31:56,0,192,20.1
_二期_供水泵房_5#加压泵__温度_通道6_反馈,2025-02-28 03:31:57,0,192,20.1
_二期_供水泵房_5#加压泵__温度_通道6_反馈,2025-02-28 03:31:58,0,192,20.1
_二期_供水泵房_5#加压泵__温度_通道6_反馈,2025-02-28 03:31:59,0,192,20.1
_二期_供水泵房_5#加压泵__温度_通道6_反馈,2025-02-28 03:32:00,0,192,20.1
_二期_供水泵房_5#加压泵__温度_通道6_反馈,2025-02-28 03:32:01,0,192,20.1
_二期_供水泵房_5#加压泵__温度_通道6_反馈,2025-02-28 03:32:02,0,192,20.1
_二期_供水泵房_5#加压泵__温度_通道6_反馈,2025-02-28 03:32:03,0,192,20.1
_二期_供水泵房_5#加压泵__温度_通道6_反馈,2025-02-28 03:32:04,0,192,20.1
_二期_供水泵房_5#加压泵__温度_通道6_反馈,2025-02-28 03:32:05,0,192,20.1
_二期_供水泵房_5#加压泵__温度_通道6_反馈,2025-02-28 03:32:06,0,192,20.1
_二期_供水泵房_5#加压泵__温度_通道6_反馈,2025-02-28 03:32:07,0,192,20.1
_二期_供水泵房_5#加压泵__温度_通道6_反馈,2025-02-28 03:32:08,0,192,20.1
_二期_供水泵房_5#加压泵__温度_通道6_反馈,2025-02-28 03:32:09,0,192,20.1
_二期_供水泵房_5#加压泵__温度_通道6_反馈,2025-02-28 03:32:10,0,192,20.1
_二期_供水泵房_5#加压泵__温度_通道6_反馈,2025-02-28 03:32:11,0,192,20.1
_二期_供水泵房_5#加压泵__温度_通道6_反馈,2025-02-28 03:32:12,0,192,20.1
_二期_供水泵房_5#加压泵__温度_通道6_反馈,2025-02-28 03:32:13,0,192,20.1
_二期_供水泵房_5#加压泵__温度_通道6_反馈,2025-02-28 03:32:14,0,192,20.1
_二期_供水泵房_5#加压泵__温度_通道6_反馈,2025-02-28 03:32:15,0,192,20.1
_二期_供水泵房_5#加压泵__温度_通道6_反馈,2025-02-28 03:32:16,0,192,20.1
_二期_供水泵房_5#加压泵__温度_通道6_反馈,2025-02-28 03:32:17,0,192,20.1
_二期_供水泵房_5#加压泵__温度_通道6_反馈,2025-02-28 03:32:18,0,192,20.1
_二期_供水泵房_5#加压泵__温度_通道6_反馈,2025-02-28 03:32:19,0,192,20.1
_二期_供水泵房_5#加压泵__温度_通道6_反馈,2025-02-28 03:32:20,0,192,20.1
_二期_供水泵房_5#加压泵__温度_通道6_反馈,2025-02-28 03:32:21,0,192,20.1
_二期_供水泵房_5#加压泵__温度_通道6_反馈,2025-02-28 03:32:22,0,192,20.1
_二期_供水泵房_5#加压泵__温度_通道6_反馈,2025-02-28 03:32:23,0,192,20.1
_二期_供水泵房_5#加压泵__温度_通道6_反馈,2025-02-28 03:32:24,0,192,20.1
_二期_供水泵房_5#加压泵__温度_通道6_反馈,2025-02-28 03:32:25,0,192,20.1
_二期_供水泵房_5#加压泵__温度_通道6_反馈,2025-02-28 03:32:26,0,192,20.1
_二期_供水泵房_5#加压泵__温度_通道6_反馈,2025-02-28 03:32:27,0,192,20.1
_二期_供水泵房_5#加压泵__温度_通道6_反馈,2025-02-28 03:32:28,0,192,20.1
_二期_供水泵房_5#加压泵__温度_通道6_反馈,2025-02-28 03:32:29,0,192,20.1
_二期_供水泵房_5#加压泵__温度_通道6_反馈,2025-02-28 03:32:30,0,192,20.1
_二期_供水泵房_5#加压泵__温度_通道6_反馈,2025-02-28 03:32:31,0,192,20.1
_二期_供水泵房_5#加压泵__温度_通道6_反馈,2025-02-28 03:32:32,0,192,20.1
_二期_供水泵房_5#加压泵__温度_通道6_反馈,2025-02-28 03:32:33,0,192,20.1
_二期_供水泵房_5#加压泵__温度_通道6_反馈,2025-02-28 03:32:34,0,192,20.1
_二期_供水泵房_5#加压泵__温度_通道6_反馈,2025-02-28 03:32:35,0,192,20.1
_二期_供水泵房_5#加压泵__温度_通道6_反馈,2025-02-28 03:32:36,0,192,20.1
_二期_供水泵房_5#加压泵__温度_通道6_反馈,2025-02-28 03:32:37,0,192,20.1
_二期_供水泵房_5#加压泵__温度_通道6_反馈,2025-02-28 03:32:38,0,192,20.1
_二期_供水泵房_5#加压泵__温度_通道6_反馈,2025-02-28 03:32:39,0,192,20.1
_二期_供水泵房_5#加压泵__温度_通道6_反馈,2025-02-28 03:32:40,0,192,20.1
_二期_供水泵房_5#加压泵__温度_通道6_反馈,2025-02-28 03:32:41,0,192,20.1
_二期_供水泵房_5#加压泵__温度_通道6_反馈,2025-02-28 03:32:42,0,192,20.1
_二期_供水泵房_5#加压泵__温度_通道6_反馈,2025-02-28 03:32:43,0,192,20.1
_二期_供水泵房_5#加压泵__温度_通道6_反馈,2025-02-28 03:32:44,0,192,20.1
_二期_供水泵房_5#加压泵__温度_通道6_反馈,2025-02-28 03:32:45,0,192,20.1
_二期_供水泵房_5#加压泵__温度_通道6_反馈,2025-02-28 03:32:46,0,192,20.1
_二期_供水泵房_5#加压泵__温度_通道6_反馈,2025-02-28 03:32:47,0,192,20.1
_二期_供水泵房_5#加压泵__温度_通道6_反馈,2025-02-28 03:32:48,0,192,20.1
_二期_供水泵房_5#加压泵__温度_通道6_反馈,2025-02-28 03:32:49,0,192,20.1
_二期_供水泵房_5#加压泵__温度_通道6_反馈,2025-02-28 03:32:50,0,192,20.1
_二期_供水泵房_5#加压泵__温度_通道6_反馈,2025-02-28 03:32:51,0,192,20.1
_二期_供水泵房_5#加压泵__温度_通道6_反馈,2025-02-28 03:32:52,0,192,20.1
_二期_供水泵房_5#加压泵__温度_通道6_反馈,2025-02-28 03:32:53,0,192,20.1
_二期_供水泵房_5#加压泵__温度_通道6_反馈,2025-02-28 03:32:54,0,192,20.1
_二期_供水泵房_5#加压泵__温度_通道6_反馈,2025-02-28 03:32:55,0,192,20.1
_二期_供水泵房_5#加压泵__温度_通道6_反馈,2025-02-28 03:32:56,0,192,20.1
_二期_供水泵房_5#加压泵__温度_通道6_反馈,2025-02-28 03:32:57,0,192,20.1
_二期_供水泵房_5#加压泵__温度_通道6_反馈,2025-02-28 03:32:58,0,192,20.1
_二期_供水泵房_5#加压泵__温度_通道6_反馈,2025-02-28 03:32:59,0,192,20.1
_二期_供水泵房_5#加压泵__温度_通道6_反馈,2025-02-28 03:33:00,0,192,20.1
_二期_供水泵房_5#加压泵__温度_通道6_反馈,2025-02-28 03:33:01,0,192,20.1
_二期_供水泵房_5#加压泵__温度_通道6_反馈,2025-02-28 03:33:02,0,192,20.1
_二期_供水泵房_5#加压泵__温度_通道6_反馈,2025-02-28 03:33:03,0,192,20.1
_二期_供水泵房_5#加压泵__温度_通道6_反馈,2025-02-28 03:33:04,0,192,20.1
_二期_供水泵房_5#加压泵__温度_通道6_反馈,2025-02-28 03:33:05,0,192,20.1
_二期_供水泵房_5#加压泵__温度_通道6_反馈,2025-02-28 03:33:06,0,192,20.1
_二期_供水泵房_5#加压泵__温度_通道6_反馈,2025-02-28 03:33:07,0,192,20.1
_二期_供水泵房_5#加压泵__温度_通道6_反馈,2025-02-28 03:33:08,0,192,20.1
_二期_供水泵房_5#加压泵__温度_通道6_反馈,2025-02-28 03:33:09,0,192,20.1
_二期_供水泵房_5#加压泵__温度_通道6_反馈,2025-02-28 03:33:10,0,192,20.1
_二期_供水泵房_5#加压泵__温度_通道6_反馈,2025-02-28 03:33:11,0,192,20.1
_二期_供水泵房_5#加压泵__温度_通道6_反馈,2025-02-28 03:33:12,0,192,20.1
_二期_供水泵房_5#加压泵__温度_通道6_反馈,2025-02-28 03:33:13,0,192,20.1
_二期_供水泵房_5#加压泵__温度_通道6_反馈,2025-02-28 03:33:14,0,192,20.1
_二期_供水泵房_5#加压泵__温度_通道6_反馈,2025-02-28 03:33:15,0,192,20.1
_二期_供水泵房_5#加压泵__温度_通道6_反馈,2025-02-28 03:33:16,0,192,20.1
_二期_供水泵房_5#加压泵__温度_通道6_反馈,2025-02-28 03:33:17,0,192,20.1
_二期_供水泵房_5#加压泵__温度_通道6_反馈,2025-02-28 03:33:18,0,192,20.1
_二期_供水泵房_5#加压泵__温度_通道6_反馈,2025-02-28 03:33:19,0,192,20.1
_二期_供水泵房_5#加压泵__温度_通道6_反馈,2025-02-28 03:33:20,0,192,20.1
_二期_供水泵房_5#加压泵__温度_通道6_反馈,2025-02-28 03:33:21,0,192,20.1
_二期_供水泵房_5#加压泵__温度_通道6_反馈,2025-02-28 03:33:22,0,192,20.1
_二期_供水泵房_5#加压泵__温度_通道6_反馈,2025-02-28 03:33:23,0,192,20.1
_二期_供水泵房_5#加压泵__温度_通道6_反馈,2025-02-28 03:33:24,0,192,20.1
_二期_供水泵房_5#加压泵__温度_通道6_反馈,2025-02-28 03:33:25,0,192,20.1
_二期_供水泵房_5#加压泵__温度_通道6_反馈,2025-02-28 03:33:26,0,192,20.1
_二期_供水泵房_5#加压泵__温度_通道6_反馈,2025-02-28 03:33:27,0,192,20.1
_二期_供水泵房_5#加压泵__温度_通道6_反馈,2025-02-28 03:33:28,0,192,20.1
_二期_供水泵房_5#加压泵__温度_通道6_反馈,2025-02-28 03:33:29,0,192,20.1
_二期_供水泵房_5#加压泵__温度_通道6_反馈,2025-02-28 03:33:30,0,192,20.1
_二期_供水泵房_5#加压泵__温度_通道6_反馈,2025-02-28 03:33:31,0,192,20.1
_二期_供水泵房_5#加压泵__温度_通道6_反馈,2025-02-28 03:33:32,0,192,20.1
_二期_供水泵房_5#加压泵__温度_通道6_反馈,2025-02-28 03:33:33,0,192,20.1
_二期_供水泵房_5#加压泵__温度_通道6_反馈,2025-02-28 03:33:34,0,192,20.1
_二期_供水泵房_5#加压泵__温度_通道6_反馈,2025-02-28 03:33:35,0,192,20.1
_二期_供水泵房_5#加压泵__温度_通道6_反馈,2025-02-28 03:33:36,0,192,20.1
_二期_供水泵房_5#加压泵__温度_通道6_反馈,2025-02-28 03:33:37,0,192,20.1
_二期_供水泵房_5#加压泵__温度_通道6_反馈,2025-02-28 03:33:38,0,192,20.1
_二期_供水泵房_5#加压泵__温度_通道6_反馈,2025-02-28 03:33:39,0,192,20.1
_二期_供水泵房_5#加压泵__温度_通道6_反馈,2025-02-28 03:33:40,0,192,20.1
_二期_供水泵房_5#加压泵__温度_通道6_反馈,2025-02-28 03:33:41,0,192,20.1
_二期_供水泵房_5#加压泵__温度_通道6_反馈,2025-02-28 03:33:42,0,192,20.1
_二期_供水泵房_5#加压泵__温度_通道6_反馈,2025-02-28 03:33:43,0,192,20.1
_二期_供水泵房_5#加压泵__温度_通道6_反馈,2025-02-28 03:33:44,0,192,20.1
_二期_供水泵房_5#加压泵__温度_通道6_反馈,2025-02-28 03:33:45,0,192,20.1
_二期_供水泵房_5#加压泵__温度_通道6_反馈,2025-02-28 03:33:46,0,192,20.1
_二期_供水泵房_5#加压泵__温度_通道6_反馈,2025-02-28 03:33:47,0,192,20.1
_二期_供水泵房_5#加压泵__温度_通道6_反馈,2025-02-28 03:33:48,0,192,20.1
_二期_供水泵房_5#加压泵__温度_通道6_反馈,2025-02-28 03:33:49,0,192,20.1
_二期_供水泵房_5#加压泵__温度_通道6_反馈,2025-02-28 03:33:50,0,192,20.1
_二期_供水泵房_5#加压泵__温度_通道6_反馈,2025-02-28 03:33:51,0,192,20.1
_二期_供水泵房_5#加压泵__温度_通道6_反馈,2025-02-28 03:33:52,0,192,20.1
_二期_供水泵房_5#加压泵__温度_通道6_反馈,2025-02-28 03:33:53,0,192,20.1
_二期_供水泵房_5#加压泵__温度_通道6_反馈,2025-02-28 03:33:54,0,192,20.1
_二期_供水泵房_5#加压泵__温度_通道6_反馈,2025-02-28 03:33:55,0,192,20.1
_二期_供水泵房_5#加压泵__温度_通道6_反馈,2025-02-28 03:33:56,0,192,20.1
_二期_供水泵房_5#加压泵__温度_通道6_反馈,2025-02-28 03:33:57,0,192,20.1
_二期_供水泵房_5#加压泵__温度_通道6_反馈,2025-02-28 03:33:58,0,192,20.1
_二期_供水泵房_5#加压泵__温度_通道6_反馈,2025-02-28 03:33:59,0,192,20.1
_二期_供水泵房_5#加压泵__温度_通道6_反馈,2025-02-28 03:34:00,0,192,20.1
_二期_供水泵房_5#加压泵__温度_通道6_反馈,2025-02-28 03:34:01,0,192,20.1
_二期_供水泵房_5#加压泵__温度_通道6_反馈,2025-02-28 03:34:02,0,192,20.1
_二期_供水泵房_5#加压泵__温度_通道6_反馈,2025-02-28 03:34:03,0,192,20.1
_二期_供水泵房_5#加压泵__温度_通道6_反馈,2025-02-28 03:34:04,0,192,20.1
_二期_供水泵房_5#加压泵__温度_通道6_反馈,2025-02-28 03:34:05,0,192,20.1
_二期_供水泵房_5#加压泵__温度_通道6_反馈,2025-02-28 03:34:06,0,192,20.1
_二期_供水泵房_5#加压泵__温度_通道6_反馈,2025-02-28 03:34:07,0,192,20.1
_二期_供水泵房_5#加压泵__温度_通道6_反馈,2025-02-28 03:34:08,0,192,20.1
_二期_供水泵房_5#加压泵__温度_通道6_反馈,2025-02-28 03:34:09,0,192,20.1
_二期_供水泵房_5#加压泵__温度_通道6_反馈,2025-02-28 03:34:10,0,192,20.1
_二期_供水泵房_5#加压泵__温度_通道6_反馈,2025-02-28 03:34:11,0,192,20.1
_二期_供水泵房_5#加压泵__温度_通道6_反馈,2025-02-28 03:34:12,0,192,20.1
_二期_供水泵房_5#加压泵__温度_通道6_反馈,2025-02-28 03:34:13,0,192,20.1
_二期_供水泵房_5#加压泵__温度_通道6_反馈,2025-02-28 03:34:14,0,192,20.1
_二期_供水泵房_5#加压泵__温度_通道6_反馈,2025-02-28 03:34:15,0,192,20.1
_二期_供水泵房_5#加压泵__温度_通道6_反馈,2025-02-28 03:34:16,0,192,20.1
_二期_供水泵房_5#加压泵__温度_通道6_反馈,2025-02-28 03:34:17,0,192,20.1
_二期_供水泵房_5#加压泵__温度_通道6_反馈,2025-02-28 03:34:18,0,192,20.1
_二期_供水泵房_5#加压泵__温度_通道6_反馈,2025-02-28 03:34:19,0,192,20.1
_二期_供水泵房_5#加压泵__温度_通道6_反馈,2025-02-28 03:34:20,0,192,20.1
_二期_供水泵房_5#加压泵__温度_通道6_反馈,2025-02-28 03:34:21,0,192,20.1
_二期_供水泵房_5#加压泵__温度_通道6_反馈,2025-02-28 03:34:22,0,192,20.1
_二期_供水泵房_5#加压泵__温度_通道6_反馈,2025-02-28 03:34:23,0,192,20.1
_二期_供水泵房_5#加压泵__温度_通道6_反馈,2025-02-28 03:34:24,0,192,20.1
_二期_供水泵房_5#加压泵__温度_通道6_反馈,2025-02-28 03:34:25,0,192,20.1
_二期_供水泵房_5#加压泵__温度_通道6_反馈,2025-02-28 03:34:26,0,192,20.1
_二期_供水泵房_5#加压泵__温度_通道6_反馈,2025-02-28 03:34:27,0,192,20.1
_二期_供水泵房_5#加压泵__温度_通道6_反馈,2025-02-28 03:34:28,0,192,20.1
_二期_供水泵房_5#加压泵__温度_通道6_反馈,2025-02-28 03:34:29,0,192,20.1
_二期_供水泵房_5#加压泵__温度_通道6_反馈,2025-02-28 03:34:30,0,192,20.1
_二期_供水泵房_5#加压泵__温度_通道6_反馈,2025-02-28 03:34:31,0,192,20.1
_二期_供水泵房_5#加压泵__温度_通道6_反馈,2025-02-28 03:34:32,0,192,20.1
_二期_供水泵房_5#加压泵__温度_通道6_反馈,2025-02-28 03:34:33,0,192,20.1
_二期_供水泵房_5#加压泵__温度_通道6_反馈,2025-02-28 03:34:34,0,192,20.1
_二期_供水泵房_5#加压泵__温度_通道6_反馈,2025-02-28 03:34:35,0,192,20.1
_二期_供水泵房_5#加压泵__温度_通道6_反馈,2025-02-28 03:34:36,0,192,20.1
_二期_供水泵房_5#加压泵__温度_通道6_反馈,2025-02-28 03:34:37,0,192,20.1
_二期_供水泵房_5#加压泵__温度_通道6_反馈,2025-02-28 03:34:38,0,192,20.1
_二期_供水泵房_5#加压泵__温度_通道6_反馈,2025-02-28 03:34:39,0,192,20.1
_二期_供水泵房_5#加压泵__温度_通道6_反馈,2025-02-28 03:34:40,0,192,20.1
_二期_供水泵房_5#加压泵__温度_通道6_反馈,2025-02-28 03:34:41,0,192,20.1
_二期_供水泵房_5#加压泵__温度_通道6_反馈,2025-02-28 03:34:42,0,192,20.1
_二期_供水泵房_5#加压泵__温度_通道6_反馈,2025-02-28 03:34:43,0,192,20.1
_二期_供水泵房_5#加压泵__温度_通道6_反馈,2025-02-28 03:34:44,0,192,20.1
_二期_供水泵房_5#加压泵__温度_通道6_反馈,2025-02-28 03:34:45,0,192,20.1
_二期_供水泵房_5#加压泵__温度_通道6_反馈,2025-02-28 03:34:46,0,192,20.1
_二期_供水泵房_5#加压泵__温度_通道6_反馈,2025-02-28 03:34:47,0,192,20.1
_二期_供水泵房_5#加压泵__温度_通道6_反馈,2025-02-28 03:34:48,0,192,20.1
_二期_供水泵房_5#加压泵__温度_通道6_反馈,2025-02-28 03:34:49,0,192,20.1
_二期_供水泵房_5#加压泵__温度_通道6_反馈,2025-02-28 03:34:50,0,192,20.1
_二期_供水泵房_5#加压泵__温度_通道6_反馈,2025-02-28 03:34:51,0,192,20.1
_二期_供水泵房_5#加压泵__温度_通道6_反馈,2025-02-28 03:34:52,0,192,20.1
_二期_供水泵房_5#加压泵__温度_通道6_反馈,2025-02-28 03:34:53,0,192,20.1
_二期_供水泵房_5#加压泵__温度_通道6_反馈,2025-02-28 03:34:54,0,192,20.1
_二期_供水泵房_5#加压泵__温度_通道6_反馈,2025-02-28 03:34:55,0,192,20.1
_二期_供水泵房_5#加压泵__温度_通道6_反馈,2025-02-28 03:34:56,0,192,20.1
_二期_供水泵房_5#加压泵__温度_通道6_反馈,2025-02-28 03:34:57,0,192,20.1
_二期_供水泵房_5#加压泵__温度_通道6_反馈,2025-02-28 03:34:58,0,192,20.1
_二期_供水泵房_5#加压泵__温度_通道6_反馈,2025-02-28 03:34:59,0,192,20.1
_二期_供水泵房_5#加压泵__温度_通道6_反馈,2025-02-28 03:35:00,0,192,20.1
_二期_供水泵房_5#加压泵__温度_通道6_反馈,2025-02-28 03:35:01,0,192,20.1
_二期_供水泵房_5#加压泵__温度_通道6_反馈,2025-02-28 03:35:02,0,192,20.1
_二期_供水泵房_5#加压泵__温度_通道6_反馈,2025-02-28 03:35:03,0,192,20.1
_二期_供水泵房_5#加压泵__温度_通道6_反馈,2025-02-28 03:35:04,0,192,20.1
_二期_供水泵房_5#加压泵__温度_通道6_反馈,2025-02-28 03:35:05,0,192,20.1
_二期_供水泵房_5#加压泵__温度_通道6_反馈,2025-02-28 03:35:06,0,192,20.1
_二期_供水泵房_5#加压泵__温度_通道6_反馈,2025-02-28 03:35:07,0,192,20.1
_二期_供水泵房_5#加压泵__温度_通道6_反馈,2025-02-28 03:35:08,0,192,20.1
_二期_供水泵房_5#加压泵__温度_通道6_反馈,2025-02-28 03:35:09,0,192,20.1
_二期_供水泵房_5#加压泵__温度_通道6_反馈,2025-02-28 03:35:10,0,192,20.1
_二期_供水泵房_5#加压泵__温度_通道6_反馈,2025-02-28 03:35:11,0,192,20.1
_二期_供水泵房_5#加压泵__温度_通道6_反馈,2025-02-28 03:35:12,0,192,20.1
_二期_供水泵房_5#加压泵__温度_通道6_反馈,2025-02-28 03:35:13,0,192,20.1
_二期_供水泵房_5#加压泵__温度_通道6_反馈,2025-02-28 03:35:14,0,192,20.1
_二期_供水泵房_5#加压泵__温度_通道6_反馈,2025-02-28 03:35:15,0,192,20.1
_二期_供水泵房_5#加压泵__温度_通道6_反馈,2025-02-28 03:35:16,0,192,20.1
_二期_供水泵房_5#加压泵__温度_通道6_反馈,2025-02-28 03:35:17,0,192,20.1
_二期_供水泵房_5#加压泵__温度_通道6_反馈,2025-02-28 03:35:18,0,192,20.1
_二期_供水泵房_5#加压泵__温度_通道6_反馈,2025-02-28 03:35:19,0,192,20.1
_二期_供水泵房_5#加压泵__温度_通道6_反馈,2025-02-28 03:35:20,0,192,20.1
_二期_供水泵房_5#加压泵__温度_通道6_反馈,2025-02-28 03:35:21,0,192,20.1
_二期_供水泵房_5#加压泵__温度_通道6_反馈,2025-02-28 03:35:22,0,192,20.1
_二期_供水泵房_5#加压泵__温度_通道6_反馈,2025-02-28 03:35:23,0,192,20.1
_二期_供水泵房_5#加压泵__温度_通道6_反馈,2025-02-28 03:35:24,0,192,20.1
_二期_供水泵房_5#加压泵__温度_通道6_反馈,2025-02-28 03:35:25,0,192,20.1
_二期_供水泵房_5#加压泵__温度_通道6_反馈,2025-02-28 03:35:26,0,192,20.1
_二期_供水泵房_5#加压泵__温度_通道6_反馈,2025-02-28 03:35:27,0,192,20.1
_二期_供水泵房_5#加压泵__温度_通道6_反馈,2025-02-28 03:35:28,0,192,20.1
_二期_供水泵房_5#加压泵__温度_通道6_反馈,2025-02-28 03:35:29,0,192,20.1
_二期_供水泵房_5#加压泵__温度_通道6_反馈,2025-02-28 03:35:30,0,192,20.1
_二期_供水泵房_5#加压泵__温度_通道6_反馈,2025-02-28 03:35:31,0,192,20.1
_二期_供水泵房_5#加压泵__温度_通道6_反馈,2025-02-28 03:35:32,0,192,20.1
_二期_供水泵房_5#加压泵__温度_通道6_反馈,2025-02-28 03:35:33,0,192,20.1
_二期_供水泵房_5#加压泵__温度_通道6_反馈,2025-02-28 03:35:34,0,192,20.1
_二期_供水泵房_5#加压泵__温度_通道6_反馈,2025-02-28 03:35:35,0,192,20.1
_二期_供水泵房_5#加压泵__温度_通道6_反馈,2025-02-28 03:35:36,0,192,20.1
_二期_供水泵房_5#加压泵__温度_通道6_反馈,2025-02-28 03:35:37,0,192,20.1
_二期_供水泵房_5#加压泵__温度_通道6_反馈,2025-02-28 03:35:38,0,192,20.1
_二期_供水泵房_5#加压泵__温度_通道6_反馈,2025-02-28 03:35:39,0,192,20.1
_二期_供水泵房_5#加压泵__温度_通道6_反馈,2025-02-28 03:35:40,0,192,20.1
_二期_供水泵房_5#加压泵__温度_通道6_反馈,2025-02-28 03:35:41,0,192,20.1
_二期_供水泵房_5#加压泵__温度_通道6_反馈,2025-02-28 03:35:42,0,192,20.1
_二期_供水泵房_5#加压泵__温度_通道6_反馈,2025-02-28 03:35:43,0,192,20.1
_二期_供水泵房_5#加压泵__温度_通道6_反馈,2025-02-28 03:35:44,0,192,20.1
_二期_供水泵房_5#加压泵__温度_通道6_反馈,2025-02-28 03:35:45,0,192,20.1
_二期_供水泵房_5#加压泵__温度_通道6_反馈,2025-02-28 03:35:46,0,192,20.1
_二期_供水泵房_5#加压泵__温度_通道6_反馈,2025-02-28 03:35:47,0,192,20.1
_二期_供水泵房_5#加压泵__温度_通道6_反馈,2025-02-28 03:35:48,0,192,20.1
_二期_供水泵房_5#加压泵__温度_通道6_反馈,2025-02-28 03:35:49,0,192,20.1
_二期_供水泵房_5#加压泵__温度_通道6_反馈,2025-02-28 03:35:50,0,192,20.1
_二期_供水泵房_5#加压泵__温度_通道6_反馈,2025-02-28 03:35:51,0,192,20.1
_二期_供水泵房_5#加压泵__温度_通道6_反馈,2025-02-28 03:35:52,0,192,20.1
_二期_供水泵房_5#加压泵__温度_通道6_反馈,2025-02-28 03:35:53,0,192,20.1
_二期_供水泵房_5#加压泵__温度_通道6_反馈,2025-02-28 03:35:54,0,192,20.1
_二期_供水泵房_5#加压泵__温度_通道6_反馈,2025-02-28 03:35:55,0,192,20.1
_二期_供水泵房_5#加压泵__温度_通道6_反馈,2025-02-28 03:35:56,0,192,20.1
_二期_供水泵房_5#加压泵__温度_通道6_反馈,2025-02-28 03:35:57,0,192,20.1
_二期_供水泵房_5#加压泵__温度_通道6_反馈,2025-02-28 03:35:58,0,192,20.1
_二期_供水泵房_5#加压泵__温度_通道6_反馈,2025-02-28 03:35:59,0,192,20.1
_二期_供水泵房_5#加压泵__温度_通道6_反馈,2025-02-28 03:36:00,0,192,20.1
_二期_供水泵房_5#加压泵__温度_通道6_反馈,2025-02-28 03:36:01,0,192,20.1
_二期_供水泵房_5#加压泵__温度_通道6_反馈,2025-02-28 03:36:02,0,192,20.1
_二期_供水泵房_5#加压泵__温度_通道6_反馈,2025-02-28 03:36:03,0,192,20.1
_二期_供水泵房_5#加压泵__温度_通道6_反馈,2025-02-28 03:36:04,0,192,20.1
_二期_供水泵房_5#加压泵__温度_通道6_反馈,2025-02-28 03:36:05,0,192,20.1
_二期_供水泵房_5#加压泵__温度_通道6_反馈,2025-02-28 03:36:06,0,192,20.1
_二期_供水泵房_5#加压泵__温度_通道6_反馈,2025-02-28 03:36:07,0,192,20.1
_二期_供水泵房_5#加压泵__温度_通道6_反馈,2025-02-28 03:36:08,0,192,20.1
_二期_供水泵房_5#加压泵__温度_通道6_反馈,2025-02-28 03:36:09,0,192,20.1
_二期_供水泵房_5#加压泵__温度_通道6_反馈,2025-02-28 03:36:10,0,192,20.1
_二期_供水泵房_5#加压泵__温度_通道6_反馈,2025-02-28 03:36:11,0,192,20.1
_二期_供水泵房_5#加压泵__温度_通道6_反馈,2025-02-28 03:36:12,0,192,20.1
_二期_供水泵房_5#加压泵__温度_通道6_反馈,2025-02-28 03:36:13,0,192,20.1
_二期_供水泵房_5#加压泵__温度_通道6_反馈,2025-02-28 03:36:14,0,192,20.1
_二期_供水泵房_5#加压泵__温度_通道6_反馈,2025-02-28 03:36:15,0,192,20.1
_二期_供水泵房_5#加压泵__温度_通道6_反馈,2025-02-28 03:36:16,0,192,20.1
_二期_供水泵房_5#加压泵__温度_通道6_反馈,2025-02-28 03:36:17,0,192,20.1
_二期_供水泵房_5#加压泵__温度_通道6_反馈,2025-02-28 03:36:18,0,192,20.1
_二期_供水泵房_5#加压泵__温度_通道6_反馈,2025-02-28 03:36:19,0,192,20.1
_二期_供水泵房_5#加压泵__温度_通道6_反馈,2025-02-28 03:36:20,0,192,20.1
_二期_供水泵房_5#加压泵__温度_通道6_反馈,2025-02-28 03:36:21,0,192,20.1
_二期_供水泵房_5#加压泵__温度_通道6_反馈,2025-02-28 03:36:22,0,192,20.1
_二期_供水泵房_5#加压泵__温度_通道6_反馈,2025-02-28 03:36:23,0,192,20.1
_二期_供水泵房_5#加压泵__温度_通道6_反馈,2025-02-28 03:36:24,0,192,20.1
_二期_供水泵房_5#加压泵__温度_通道6_反馈,2025-02-28 03:36:25,0,192,20.1
_二期_供水泵房_5#加压泵__温度_通道6_反馈,2025-02-28 03:36:26,0,192,20.1
_二期_供水泵房_5#加压泵__温度_通道6_反馈,2025-02-28 03:36:27,0,192,20.1
_二期_供水泵房_5#加压泵__温度_通道6_反馈,2025-02-28 03:36:28,0,192,20.1
_二期_供水泵房_5#加压泵__温度_通道6_反馈,2025-02-28 03:36:29,0,192,20.1
_二期_供水泵房_5#加压泵__温度_通道6_反馈,2025-02-28 03:36:30,0,192,20.1
_二期_供水泵房_5#加压泵__温度_通道6_反馈,2025-02-28 03:36:31,0,192,20.1
_二期_供水泵房_5#加压泵__温度_通道6_反馈,2025-02-28 03:36:32,0,192,20.1
_二期_供水泵房_5#加压泵__温度_通道6_反馈,2025-02-28 03:36:33,0,192,20.1
_二期_供水泵房_5#加压泵__温度_通道6_反馈,2025-02-28 03:36:34,0,192,20.1
_二期_供水泵房_5#加压泵__温度_通道6_反馈,2025-02-28 03:36:35,0,192,20.1
_二期_供水泵房_5#加压泵__温度_通道6_反馈,2025-02-28 03:36:36,0,192,20.1
_二期_供水泵房_5#加压泵__温度_通道6_反馈,2025-02-28 03:36:37,0,192,20.1
_二期_供水泵房_5#加压泵__温度_通道6_反馈,2025-02-28 03:36:38,0,192,20.1
_二期_供水泵房_5#加压泵__温度_通道6_反馈,2025-02-28 03:36:39,0,192,20.1
_二期_供水泵房_5#加压泵__温度_通道6_反馈,2025-02-28 03:36:40,0,192,20.1
_二期_供水泵房_5#加压泵__温度_通道6_反馈,2025-02-28 03:36:41,0,192,20.1
_二期_供水泵房_5#加压泵__温度_通道6_反馈,2025-02-28 03:36:42,0,192,20.1
_二期_供水泵房_5#加压泵__温度_通道6_反馈,2025-02-28 03:36:43,0,192,20.1
_二期_供水泵房_5#加压泵__温度_通道6_反馈,2025-02-28 03:36:44,0,192,20.1
_二期_供水泵房_5#加压泵__温度_通道6_反馈,2025-02-28 03:36:45,0,192,20.1
_二期_供水泵房_5#加压泵__温度_通道6_反馈,2025-02-28 03:36:46,0,192,20.1
_二期_供水泵房_5#加压泵__温度_通道6_反馈,2025-02-28 03:36:47,0,192,20.1
_二期_供水泵房_5#加压泵__温度_通道6_反馈,2025-02-28 03:36:48,0,192,20.1
_二期_供水泵房_5#加压泵__温度_通道6_反馈,2025-02-28 03:36:49,0,192,20.1
_二期_供水泵房_5#加压泵__温度_通道6_反馈,2025-02-28 03:36:50,0,192,20.1
_二期_供水泵房_5#加压泵__温度_通道6_反馈,2025-02-28 03:36:51,0,192,20.1
_二期_供水泵房_5#加压泵__温度_通道6_反馈,2025-02-28 03:36:52,0,192,20.1
_二期_供水泵房_5#加压泵__温度_通道6_反馈,2025-02-28 03:36:53,0,192,20.1
_二期_供水泵房_5#加压泵__温度_通道6_反馈,2025-02-28 03:36:54,0,192,20.1
_二期_供水泵房_5#加压泵__温度_通道6_反馈,2025-02-28 03:36:55,0,192,20.1
_二期_供水泵房_5#加压泵__温度_通道6_反馈,2025-02-28 03:36:56,0,192,20.1
_二期_供水泵房_5#加压泵__温度_通道6_反馈,2025-02-28 03:36:57,0,192,20.1
_二期_供水泵房_5#加压泵__温度_通道6_反馈,2025-02-28 03:36:58,0,192,20.1
_二期_供水泵房_5#加压泵__温度_通道6_反馈,2025-02-28 03:36:59,0,192,20.1
_二期_供水泵房_5#加压泵__温度_通道6_反馈,2025-02-28 03:37:00,0,192,20.1
_二期_供水泵房_5#加压泵__温度_通道6_反馈,2025-02-28 03:37:01,0,192,20.1
_二期_供水泵房_5#加压泵__温度_通道6_反馈,2025-02-28 03:37:02,0,192,20.1
_二期_供水泵房_5#加压泵__温度_通道6_反馈,2025-02-28 03:37:03,0,192,20.1
_二期_供水泵房_5#加压泵__温度_通道6_反馈,2025-02-28 03:37:04,0,192,20.1
_二期_供水泵房_5#加压泵__温度_通道6_反馈,2025-02-28 03:37:05,0,192,20.1
_二期_供水泵房_5#加压泵__温度_通道6_反馈,2025-02-28 03:37:06,0,192,20.1
_二期_供水泵房_5#加压泵__温度_通道6_反馈,2025-02-28 03:37:07,0,192,20.1
_二期_供水泵房_5#加压泵__温度_通道6_反馈,2025-02-28 03:37:08,0,192,20.1
_二期_供水泵房_5#加压泵__温度_通道6_反馈,2025-02-28 03:37:09,0,192,20.1
_二期_供水泵房_5#加压泵__温度_通道6_反馈,2025-02-28 03:37:10,0,192,20.1
_二期_供水泵房_5#加压泵__温度_通道6_反馈,2025-02-28 03:37:11,0,192,20.1
_二期_供水泵房_5#加压泵__温度_通道6_反馈,2025-02-28 03:37:12,0,192,20.1
_二期_供水泵房_5#加压泵__温度_通道6_反馈,2025-02-28 03:37:13,0,192,20.1
_二期_供水泵房_5#加压泵__温度_通道6_反馈,2025-02-28 03:37:14,0,192,20.1
_二期_供水泵房_5#加压泵__温度_通道6_反馈,2025-02-28 03:37:15,0,192,20.1
_二期_供水泵房_5#加压泵__温度_通道6_反馈,2025-02-28 03:37:16,0,192,20.1
_二期_供水泵房_5#加压泵__温度_通道6_反馈,2025-02-28 03:37:17,0,192,20.1
_二期_供水泵房_5#加压泵__温度_通道6_反馈,2025-02-28 03:37:18,0,192,20.1
_二期_供水泵房_5#加压泵__温度_通道6_反馈,2025-02-28 03:37:19,0,192,20.1
_二期_供水泵房_5#加压泵__温度_通道6_反馈,2025-02-28 03:37:20,0,192,20.1
_二期_供水泵房_5#加压泵__温度_通道6_反馈,2025-02-28 03:37:21,0,192,20.1
_二期_供水泵房_5#加压泵__温度_通道6_反馈,2025-02-28 03:37:22,0,192,20.1
_二期_供水泵房_5#加压泵__温度_通道6_反馈,2025-02-28 03:37:23,0,192,20.1
_二期_供水泵房_5#加压泵__温度_通道6_反馈,2025-02-28 03:37:24,0,192,20.1
_二期_供水泵房_5#加压泵__温度_通道6_反馈,2025-02-28 03:37:25,0,192,20.1
_二期_供水泵房_5#加压泵__温度_通道6_反馈,2025-02-28 03:37:26,0,192,20.1
_二期_供水泵房_5#加压泵__温度_通道6_反馈,2025-02-28 03:37:27,0,192,20.1
_二期_供水泵房_5#加压泵__温度_通道6_反馈,2025-02-28 03:37:28,0,192,20.1
_二期_供水泵房_5#加压泵__温度_通道6_反馈,2025-02-28 03:37:29,0,192,20.1
_二期_供水泵房_5#加压泵__温度_通道6_反馈,2025-02-28 03:37:30,0,192,20.1
_二期_供水泵房_5#加压泵__温度_通道6_反馈,2025-02-28 03:37:31,0,192,20.1
_二期_供水泵房_5#加压泵__温度_通道6_反馈,2025-02-28 03:37:32,0,192,20.1
_二期_供水泵房_5#加压泵__温度_通道6_反馈,2025-02-28 03:37:33,0,192,20.1
_二期_供水泵房_5#加压泵__温度_通道6_反馈,2025-02-28 03:37:34,0,192,20.1
_二期_供水泵房_5#加压泵__温度_通道6_反馈,2025-02-28 03:37:35,0,192,20.1
_二期_供水泵房_5#加压泵__温度_通道6_反馈,2025-02-28 03:37:36,0,192,20.1
_二期_供水泵房_5#加压泵__温度_通道6_反馈,2025-02-28 03:37:37,0,192,20.1
_二期_供水泵房_5#加压泵__温度_通道6_反馈,2025-02-28 03:37:38,0,192,20.1
_二期_供水泵房_5#加压泵__温度_通道6_反馈,2025-02-28 03:37:39,0,192,20.1
_二期_供水泵房_5#加压泵__温度_通道6_反馈,2025-02-28 03:37:40,0,192,20.1
_二期_供水泵房_5#加压泵__温度_通道6_反馈,2025-02-28 03:37:41,0,192,20.1
_二期_供水泵房_5#加压泵__温度_通道6_反馈,2025-02-28 03:37:42,0,192,20.1
_二期_供水泵房_5#加压泵__温度_通道6_反馈,2025-02-28 03:37:43,0,192,20.1
_二期_供水泵房_5#加压泵__温度_通道6_反馈,2025-02-28 03:37:44,0,192,20.1
_二期_供水泵房_5#加压泵__温度_通道6_反馈,2025-02-28 03:37:45,0,192,20.1
_二期_供水泵房_5#加压泵__温度_通道6_反馈,2025-02-28 03:37:46,0,192,20.1
_二期_供水泵房_5#加压泵__温度_通道6_反馈,2025-02-28 03:37:47,0,192,20.1
_二期_供水泵房_5#加压泵__温度_通道6_反馈,2025-02-28 03:37:48,0,192,20.1
_二期_供水泵房_5#加压泵__温度_通道6_反馈,2025-02-28 03:37:49,0,192,20.1
_二期_供水泵房_5#加压泵__温度_通道6_反馈,2025-02-28 03:37:50,0,192,20.1
_二期_供水泵房_5#加压泵__温度_通道6_反馈,2025-02-28 03:37:51,0,192,20.1
_二期_供水泵房_5#加压泵__温度_通道6_反馈,2025-02-28 03:37:52,0,192,20.1
_二期_供水泵房_5#加压泵__温度_通道6_反馈,2025-02-28 03:37:53,0,192,20.1
_二期_供水泵房_5#加压泵__温度_通道6_反馈,2025-02-28 03:37:54,0,192,20.1
_二期_供水泵房_5#加压泵__温度_通道6_反馈,2025-02-28 03:37:55,0,192,20.1
_二期_供水泵房_5#加压泵__温度_通道6_反馈,2025-02-28 03:37:56,0,192,20.1
_二期_供水泵房_5#加压泵__温度_通道6_反馈,2025-02-28 03:37:57,0,192,20.1
_二期_供水泵房_5#加压泵__温度_通道6_反馈,2025-02-28 03:37:58,0,192,20.1
_二期_供水泵房_5#加压泵__温度_通道6_反馈,2025-02-28 03:37:59,0,192,20.1
_二期_供水泵房_5#加压泵__温度_通道6_反馈,2025-02-28 03:38:00,0,192,20.1
_二期_供水泵房_5#加压泵__温度_通道6_反馈,2025-02-28 03:38:01,0,192,20.1
_二期_供水泵房_5#加压泵__温度_通道6_反馈,2025-02-28 03:38:02,0,192,20.1
_二期_供水泵房_5#加压泵__温度_通道6_反馈,2025-02-28 03:38:03,0,192,20.1
_二期_供水泵房_5#加压泵__温度_通道6_反馈,2025-02-28 03:38:04,0,192,20.1
_二期_供水泵房_5#加压泵__温度_通道6_反馈,2025-02-28 03:38:05,0,192,20.1
_二期_供水泵房_5#加压泵__温度_通道6_反馈,2025-02-28 03:38:06,0,192,20.1
_二期_供水泵房_5#加压泵__温度_通道6_反馈,2025-02-28 03:38:07,0,192,20.1
_二期_供水泵房_5#加压泵__温度_通道6_反馈,2025-02-28 03:38:08,0,192,20.1
_二期_供水泵房_5#加压泵__温度_通道6_反馈,2025-02-28 03:38:09,0,192,20.1
_二期_供水泵房_5#加压泵__温度_通道6_反馈,2025-02-28 03:38:10,0,192,20.1
_二期_供水泵房_5#加压泵__温度_通道6_反馈,2025-02-28 03:38:11,0,192,20.1
_二期_供水泵房_5#加压泵__温度_通道6_反馈,2025-02-28 03:38:12,0,192,20.1
_二期_供水泵房_5#加压泵__温度_通道6_反馈,2025-02-28 03:38:13,0,192,20.1
_二期_供水泵房_5#加压泵__温度_通道6_反馈,2025-02-28 03:38:14,0,192,20.1
_二期_供水泵房_5#加压泵__温度_通道6_反馈,2025-02-28 03:38:15,0,192,20.1
_二期_供水泵房_5#加压泵__温度_通道6_反馈,2025-02-28 03:38:16,0,192,20.1
_二期_供水泵房_5#加压泵__温度_通道6_反馈,2025-02-28 03:38:17,0,192,20.1
_二期_供水泵房_5#加压泵__温度_通道6_反馈,2025-02-28 03:38:18,0,192,20.1
_二期_供水泵房_5#加压泵__温度_通道6_反馈,2025-02-28 03:38:19,0,192,20.1
_二期_供水泵房_5#加压泵__温度_通道6_反馈,2025-02-28 03:38:20,0,192,20.1
_二期_供水泵房_5#加压泵__温度_通道6_反馈,2025-02-28 03:38:21,0,192,20.1
_二期_供水泵房_5#加压泵__温度_通道6_反馈,2025-02-28 03:38:22,0,192,20.1
_二期_供水泵房_5#加压泵__温度_通道6_反馈,2025-02-28 03:38:23,0,192,20.1
_二期_供水泵房_5#加压泵__温度_通道6_反馈,2025-02-28 03:38:24,0,192,20.1
_二期_供水泵房_5#加压泵__温度_通道6_反馈,2025-02-28 03:38:25,0,192,20.1
_二期_供水泵房_5#加压泵__温度_通道6_反馈,2025-02-28 03:38:26,0,192,20.1
_二期_供水泵房_5#加压泵__温度_通道6_反馈,2025-02-28 03:38:27,0,192,20.1
_二期_供水泵房_5#加压泵__温度_通道6_反馈,2025-02-28 03:38:28,0,192,20.1
_二期_供水泵房_5#加压泵__温度_通道6_反馈,2025-02-28 03:38:29,0,192,20.1
_二期_供水泵房_5#加压泵__温度_通道6_反馈,2025-02-28 03:38:30,0,192,20.1
_二期_供水泵房_5#加压泵__温度_通道6_反馈,2025-02-28 03:38:31,0,192,20.1
_二期_供水泵房_5#加压泵__温度_通道6_反馈,2025-02-28 03:38:32,0,192,20.1
_二期_供水泵房_5#加压泵__温度_通道6_反馈,2025-02-28 03:38:33,0,192,20.1
_二期_供水泵房_5#加压泵__温度_通道6_反馈,2025-02-28 03:38:34,0,192,20.1
_二期_供水泵房_5#加压泵__温度_通道6_反馈,2025-02-28 03:38:35,0,192,20.1
_二期_供水泵房_5#加压泵__温度_通道6_反馈,2025-02-28 03:38:36,0,192,20.1
_二期_供水泵房_5#加压泵__温度_通道6_反馈,2025-02-28 03:38:37,0,192,20.1
_二期_供水泵房_5#加压泵__温度_通道6_反馈,2025-02-28 03:38:38,0,192,20.1
_二期_供水泵房_5#加压泵__温度_通道6_反馈,2025-02-28 03:38:39,0,192,20.1
_二期_供水泵房_5#加压泵__温度_通道6_反馈,2025-02-28 03:38:40,0,192,20.1
_二期_供水泵房_5#加压泵__温度_通道6_反馈,2025-02-28 03:38:41,0,192,20.1
_二期_供水泵房_5#加压泵__温度_通道6_反馈,2025-02-28 03:38:42,0,192,20.1
_二期_供水泵房_5#加压泵__温度_通道6_反馈,2025-02-28 03:38:43,0,192,20.1
_二期_供水泵房_5#加压泵__温度_通道6_反馈,2025-02-28 03:38:44,0,192,20.1
_二期_供水泵房_5#加压泵__温度_通道6_反馈,2025-02-28 03:38:45,0,192,20.1
_二期_供水泵房_5#加压泵__温度_通道6_反馈,2025-02-28 03:38:46,0,192,20.1
_二期_供水泵房_5#加压泵__温度_通道6_反馈,2025-02-28 03:38:47,0,192,20.1
_二期_供水泵房_5#加压泵__温度_通道6_反馈,2025-02-28 03:38:48,0,192,20.1
_二期_供水泵房_5#加压泵__温度_通道6_反馈,2025-02-28 03:38:49,0,192,20.1
_二期_供水泵房_5#加压泵__温度_通道6_反馈,2025-02-28 03:38:50,0,192,20.1
_二期_供水泵房_5#加压泵__温度_通道6_反馈,2025-02-28 03:38:51,0,192,20.1
_二期_供水泵房_5#加压泵__温度_通道6_反馈,2025-02-28 03:38:52,0,192,20.1
_二期_供水泵房_5#加压泵__温度_通道6_反馈,2025-02-28 03:38:53,0,192,20.1
_二期_供水泵房_5#加压泵__温度_通道6_反馈,2025-02-28 03:38:54,0,192,20.1
_二期_供水泵房_5#加压泵__温度_通道6_反馈,2025-02-28 03:38:55,0,192,20.1
_二期_供水泵房_5#加压泵__温度_通道6_反馈,2025-02-28 03:38:56,0,192,20.1
_二期_供水泵房_5#加压泵__温度_通道6_反馈,2025-02-28 03:38:57,0,192,20.1
_二期_供水泵房_5#加压泵__温度_通道6_反馈,2025-02-28 03:38:58,0,192,20.1
_二期_供水泵房_5#加压泵__温度_通道6_反馈,2025-02-28 03:38:59,0,192,20.1
_二期_供水泵房_5#加压泵__温度_通道6_反馈,2025-02-28 03:39:00,0,192,20.1
_二期_供水泵房_5#加压泵__温度_通道6_反馈,2025-02-28 03:39:01,0,192,20.1
_二期_供水泵房_5#加压泵__温度_通道6_反馈,2025-02-28 03:39:02,0,192,20.1
_二期_供水泵房_5#加压泵__温度_通道6_反馈,2025-02-28 03:39:03,0,192,20.1
_二期_供水泵房_5#加压泵__温度_通道6_反馈,2025-02-28 03:39:04,0,192,20.1
_二期_供水泵房_5#加压泵__温度_通道6_反馈,2025-02-28 03:39:05,0,192,20.1
_二期_供水泵房_5#加压泵__温度_通道6_反馈,2025-02-28 03:39:06,0,192,20.1
_二期_供水泵房_5#加压泵__温度_通道6_反馈,2025-02-28 03:39:07,0,192,20.1
_二期_供水泵房_5#加压泵__温度_通道6_反馈,2025-02-28 03:39:08,0,192,20.1
_二期_供水泵房_5#加压泵__温度_通道6_反馈,2025-02-28 03:39:09,0,192,20.1
_二期_供水泵房_5#加压泵__温度_通道6_反馈,2025-02-28 03:39:10,0,192,20.1
_二期_供水泵房_5#加压泵__温度_通道6_反馈,2025-02-28 03:39:11,0,192,20.1
_二期_供水泵房_5#加压泵__温度_通道6_反馈,2025-02-28 03:39:12,0,192,20.1
_二期_供水泵房_5#加压泵__温度_通道6_反馈,2025-02-28 03:39:13,0,192,20.1
_二期_供水泵房_5#加压泵__温度_通道6_反馈,2025-02-28 03:39:14,0,192,20.1
_二期_供水泵房_5#加压泵__温度_通道6_反馈,2025-02-28 03:39:15,0,192,20.1
_二期_供水泵房_5#加压泵__温度_通道6_反馈,2025-02-28 03:39:16,0,192,20.1
_二期_供水泵房_5#加压泵__温度_通道6_反馈,2025-02-28 03:39:17,0,192,20.1
_二期_供水泵房_5#加压泵__温度_通道6_反馈,2025-02-28 03:39:18,0,192,20.1
_二期_供水泵房_5#加压泵__温度_通道6_反馈,2025-02-28 03:39:19,0,192,20.1
_二期_供水泵房_5#加压泵__温度_通道6_反馈,2025-02-28 03:39:20,0,192,20.1
_二期_供水泵房_5#加压泵__温度_通道6_反馈,2025-02-28 03:39:21,0,192,20.1
_二期_供水泵房_5#加压泵__温度_通道6_反馈,2025-02-28 03:39:22,0,192,20.1
_二期_供水泵房_5#加压泵__温度_通道6_反馈,2025-02-28 03:39:23,0,192,20.1
_二期_供水泵房_5#加压泵__温度_通道6_反馈,2025-02-28 03:39:24,0,192,20.1
_二期_供水泵房_5#加压泵__温度_通道6_反馈,2025-02-28 03:39:25,0,192,20.1
_二期_供水泵房_5#加压泵__温度_通道6_反馈,2025-02-28 03:39:26,0,192,20.1
_二期_供水泵房_5#加压泵__温度_通道6_反馈,2025-02-28 03:39:27,0,192,20.1
_二期_供水泵房_5#加压泵__温度_通道6_反馈,2025-02-28 03:39:28,0,192,20.1
_二期_供水泵房_5#加压泵__温度_通道6_反馈,2025-02-28 03:39:29,0,192,20.1
_二期_供水泵房_5#加压泵__温度_通道6_反馈,2025-02-28 03:39:30,0,192,20.1
_二期_供水泵房_5#加压泵__温度_通道6_反馈,2025-02-28 03:39:31,0,192,20.1
_二期_供水泵房_5#加压泵__温度_通道6_反馈,2025-02-28 03:39:32,0,192,20.1
_二期_供水泵房_5#加压泵__温度_通道6_反馈,2025-02-28 03:39:33,0,192,20.1
_二期_供水泵房_5#加压泵__温度_通道6_反馈,2025-02-28 03:39:34,0,192,20.1
_二期_供水泵房_5#加压泵__温度_通道6_反馈,2025-02-28 03:39:35,0,192,20.1
_二期_供水泵房_5#加压泵__温度_通道6_反馈,2025-02-28 03:39:36,0,192,20.1
_二期_供水泵房_5#加压泵__温度_通道6_反馈,2025-02-28 03:39:37,0,192,20.1
_二期_供水泵房_5#加压泵__温度_通道6_反馈,2025-02-28 03:39:38,0,192,20.1
_二期_供水泵房_5#加压泵__温度_通道6_反馈,2025-02-28 03:39:39,0,192,20.1
_二期_供水泵房_5#加压泵__温度_通道6_反馈,2025-02-28 03:39:40,0,192,20.1
_二期_供水泵房_5#加压泵__温度_通道6_反馈,2025-02-28 03:39:41,0,192,20.1
_二期_供水泵房_5#加压泵__温度_通道6_反馈,2025-02-28 03:39:42,0,192,20.1
_二期_供水泵房_5#加压泵__温度_通道6_反馈,2025-02-28 03:39:43,0,192,20.1
_二期_供水泵房_5#加压泵__温度_通道6_反馈,2025-02-28 03:39:44,0,192,20.1
_二期_供水泵房_5#加压泵__温度_通道6_反馈,2025-02-28 03:39:45,0,192,20.1
_二期_供水泵房_5#加压泵__温度_通道6_反馈,2025-02-28 03:39:46,0,192,20.1
_二期_供水泵房_5#加压泵__温度_通道6_反馈,2025-02-28 03:39:47,0,192,20.1
_二期_供水泵房_5#加压泵__温度_通道6_反馈,2025-02-28 03:39:48,0,192,20.1
_二期_供水泵房_5#加压泵__温度_通道6_反馈,2025-02-28 03:39:49,0,192,20.1
_二期_供水泵房_5#加压泵__温度_通道6_反馈,2025-02-28 03:39:50,0,192,20.1
_二期_供水泵房_5#加压泵__温度_通道6_反馈,2025-02-28 03:39:51,0,192,20.1
_二期_供水泵房_5#加压泵__温度_通道6_反馈,2025-02-28 03:39:52,0,192,20.1
_二期_供水泵房_5#加压泵__温度_通道6_反馈,2025-02-28 03:39:53,0,192,20.1
_二期_供水泵房_5#加压泵__温度_通道6_反馈,2025-02-28 03:39:54,0,192,20.1
_二期_供水泵房_5#加压泵__温度_通道6_反馈,2025-02-28 03:39:55,0,192,20.1
_二期_供水泵房_5#加压泵__温度_通道6_反馈,2025-02-28 03:39:56,0,192,20.1
_二期_供水泵房_5#加压泵__温度_通道6_反馈,2025-02-28 03:39:57,0,192,20.1
_二期_供水泵房_5#加压泵__温度_通道6_反馈,2025-02-28 03:39:58,0,192,20.1
_二期_供水泵房_5#加压泵__温度_通道6_反馈,2025-02-28 03:39:59,0,192,20.1
_二期_供水泵房_5#加压泵__温度_通道6_反馈,2025-02-28 03:40:00,0,192,20.1
_二期_供水泵房_5#加压泵__温度_通道6_反馈,2025-02-28 03:40:01,0,192,20.1
_二期_供水泵房_5#加压泵__温度_通道6_反馈,2025-02-28 03:40:02,0,192,20.1
_二期_供水泵房_5#加压泵__温度_通道6_反馈,2025-02-28 03:40:03,0,192,20.1
_二期_供水泵房_5#加压泵__温度_通道6_反馈,2025-02-28 03:40:04,0,192,20.1
_二期_供水泵房_5#加压泵__温度_通道6_反馈,2025-02-28 03:40:05,0,192,20.1
_二期_供水泵房_5#加压泵__温度_通道6_反馈,2025-02-28 03:40:06,0,192,20.1
_二期_供水泵房_5#加压泵__温度_通道6_反馈,2025-02-28 03:40:07,0,192,20.1
_二期_供水泵房_5#加压泵__温度_通道6_反馈,2025-02-28 03:40:08,0,192,20.1
_二期_供水泵房_5#加压泵__温度_通道6_反馈,2025-02-28 03:40:09,0,192,20.1
_二期_供水泵房_5#加压泵__温度_通道6_反馈,2025-02-28 03:40:10,0,192,20.1
_二期_供水泵房_5#加压泵__温度_通道6_反馈,2025-02-28 03:40:11,0,192,20.1
_二期_供水泵房_5#加压泵__温度_通道6_反馈,2025-02-28 03:40:12,0,192,20.1
_二期_供水泵房_5#加压泵__温度_通道6_反馈,2025-02-28 03:40:13,0,192,20.1
_二期_供水泵房_5#加压泵__温度_通道6_反馈,2025-02-28 03:40:14,0,192,20.1
_二期_供水泵房_5#加压泵__温度_通道6_反馈,2025-02-28 03:40:15,0,192,20.1
_二期_供水泵房_5#加压泵__温度_通道6_反馈,2025-02-28 03:40:16,0,192,20.1
_二期_供水泵房_5#加压泵__温度_通道6_反馈,2025-02-28 03:40:17,0,192,20.1
_二期_供水泵房_5#加压泵__温度_通道6_反馈,2025-02-28 03:40:18,0,192,20.1
_二期_供水泵房_5#加压泵__温度_通道6_反馈,2025-02-28 03:40:19,0,192,20.1
_二期_供水泵房_5#加压泵__温度_通道6_反馈,2025-02-28 03:40:20,0,192,20.1
_二期_供水泵房_5#加压泵__温度_通道6_反馈,2025-02-28 03:40:21,0,192,20.1
_二期_供水泵房_5#加压泵__温度_通道6_反馈,2025-02-28 03:40:22,0,192,20.1
_二期_供水泵房_5#加压泵__温度_通道6_反馈,2025-02-28 03:40:23,0,192,20.1
_二期_供水泵房_5#加压泵__温度_通道6_反馈,2025-02-28 03:40:24,0,192,20.1
_二期_供水泵房_5#加压泵__温度_通道6_反馈,2025-02-28 03:40:25,0,192,20.1
_二期_供水泵房_5#加压泵__温度_通道6_反馈,2025-02-28 03:40:26,0,192,20.1
_二期_供水泵房_5#加压泵__温度_通道6_反馈,2025-02-28 03:40:27,0,192,20.1
_二期_供水泵房_5#加压泵__温度_通道6_反馈,2025-02-28 03:40:28,0,192,20.1
_二期_供水泵房_5#加压泵__温度_通道6_反馈,2025-02-28 03:40:29,0,192,20.1
_二期_供水泵房_5#加压泵__温度_通道6_反馈,2025-02-28 03:40:30,0,192,20.1
_二期_供水泵房_5#加压泵__温度_通道6_反馈,2025-02-28 03:40:31,0,192,20.1
_二期_供水泵房_5#加压泵__温度_通道6_反馈,2025-02-28 03:40:32,0,192,20.1
_二期_供水泵房_5#加压泵__温度_通道6_反馈,2025-02-28 03:40:33,0,192,20.1
_二期_供水泵房_5#加压泵__温度_通道6_反馈,2025-02-28 03:40:34,0,192,20.1
_二期_供水泵房_5#加压泵__温度_通道6_反馈,2025-02-28 03:40:35,0,192,20.1
_二期_供水泵房_5#加压泵__温度_通道6_反馈,2025-02-28 03:40:36,0,192,20.1
_二期_供水泵房_5#加压泵__温度_通道6_反馈,2025-02-28 03:40:37,0,192,20.1
_二期_供水泵房_5#加压泵__温度_通道6_反馈,2025-02-28 03:40:38,0,192,20.1
_二期_供水泵房_5#加压泵__温度_通道6_反馈,2025-02-28 03:40:39,0,192,20.1
_二期_供水泵房_5#加压泵__温度_通道6_反馈,2025-02-28 03:40:40,0,192,20.1
_二期_供水泵房_5#加压泵__温度_通道6_反馈,2025-02-28 03:40:41,0,192,20.1
_二期_供水泵房_5#加压泵__温度_通道6_反馈,2025-02-28 03:40:42,0,192,20.1
_二期_供水泵房_5#加压泵__温度_通道6_反馈,2025-02-28 03:40:43,0,192,20.1
_二期_供水泵房_5#加压泵__温度_通道6_反馈,2025-02-28 03:40:44,0,192,20.1
_二期_供水泵房_5#加压泵__温度_通道6_反馈,2025-02-28 03:40:45,0,192,20.1
_二期_供水泵房_5#加压泵__温度_通道6_反馈,2025-02-28 03:40:46,0,192,20.1
_二期_供水泵房_5#加压泵__温度_通道6_反馈,2025-02-28 03:40:47,0,192,20.1
_二期_供水泵房_5#加压泵__温度_通道6_反馈,2025-02-28 03:40:48,0,192,20.1
_二期_供水泵房_5#加压泵__温度_通道6_反馈,2025-02-28 03:40:49,0,192,20.1
_二期_供水泵房_5#加压泵__温度_通道6_反馈,2025-02-28 03:40:50,0,192,20.1
_二期_供水泵房_5#加压泵__温度_通道6_反馈,2025-02-28 03:40:51,0,192,20.1
_二期_供水泵房_5#加压泵__温度_通道6_反馈,2025-02-28 03:40:52,0,192,20.1
_二期_供水泵房_5#加压泵__温度_通道6_反馈,2025-02-28 03:40:53,0,192,20.1
_二期_供水泵房_5#加压泵__温度_通道6_反馈,2025-02-28 03:40:54,0,192,20.1
_二期_供水泵房_5#加压泵__温度_通道6_反馈,2025-02-28 03:40:55,0,192,20.1
_二期_供水泵房_5#加压泵__温度_通道6_反馈,2025-02-28 03:40:56,0,192,20.1
_二期_供水泵房_5#加压泵__温度_通道6_反馈,2025-02-28 03:40:57,0,192,20.1
_二期_供水泵房_5#加压泵__温度_通道6_反馈,2025-02-28 03:40:58,0,192,20.1
_二期_供水泵房_5#加压泵__温度_通道6_反馈,2025-02-28 03:40:59,0,192,20.1
_二期_供水泵房_5#加压泵__温度_通道6_反馈,2025-02-28 03:41:00,0,192,20.1
_二期_供水泵房_5#加压泵__温度_通道6_反馈,2025-02-28 03:41:01,0,192,20.1
_二期_供水泵房_5#加压泵__温度_通道6_反馈,2025-02-28 03:41:02,0,192,20.1
_二期_供水泵房_5#加压泵__温度_通道6_反馈,2025-02-28 03:41:03,0,192,20.1
_二期_供水泵房_5#加压泵__温度_通道6_反馈,2025-02-28 03:41:04,0,192,20.1
_二期_供水泵房_5#加压泵__温度_通道6_反馈,2025-02-28 03:41:05,0,192,20.1
_二期_供水泵房_5#加压泵__温度_通道6_反馈,2025-02-28 03:41:06,0,192,20.1
_二期_供水泵房_5#加压泵__温度_通道6_反馈,2025-02-28 03:41:07,0,192,20.1
_二期_供水泵房_5#加压泵__温度_通道6_反馈,2025-02-28 03:41:08,0,192,20.1
_二期_供水泵房_5#加压泵__温度_通道6_反馈,2025-02-28 03:41:09,0,192,20.1
_二期_供水泵房_5#加压泵__温度_通道6_反馈,2025-02-28 03:41:10,0,192,20.1
_二期_供水泵房_5#加压泵__温度_通道6_反馈,2025-02-28 03:41:11,0,192,20.1
_二期_供水泵房_5#加压泵__温度_通道6_反馈,2025-02-28 03:41:12,0,192,20.1
_二期_供水泵房_5#加压泵__温度_通道6_反馈,2025-02-28 03:41:13,0,192,20.1
_二期_供水泵房_5#加压泵__温度_通道6_反馈,2025-02-28 03:41:14,0,192,20.1
_二期_供水泵房_5#加压泵__温度_通道6_反馈,2025-02-28 03:41:15,0,192,20.1
_二期_供水泵房_5#加压泵__温度_通道6_反馈,2025-02-28 03:41:16,0,192,20.1
_二期_供水泵房_5#加压泵__温度_通道6_反馈,2025-02-28 03:41:17,0,192,20.1
_二期_供水泵房_5#加压泵__温度_通道6_反馈,2025-02-28 03:41:18,0,192,20.1
_二期_供水泵房_5#加压泵__温度_通道6_反馈,2025-02-28 03:41:19,0,192,20.1
_二期_供水泵房_5#加压泵__温度_通道6_反馈,2025-02-28 03:41:20,0,192,20.1
_二期_供水泵房_5#加压泵__温度_通道6_反馈,2025-02-28 03:41:21,0,192,20.1
_二期_供水泵房_5#加压泵__温度_通道6_反馈,2025-02-28 03:41:22,0,192,20.1
_二期_供水泵房_5#加压泵__温度_通道6_反馈,2025-02-28 03:41:23,0,192,20.1
_二期_供水泵房_5#加压泵__温度_通道6_反馈,2025-02-28 03:41:24,0,192,20.1
_二期_供水泵房_5#加压泵__温度_通道6_反馈,2025-02-28 03:41:25,0,192,20.1
_二期_供水泵房_5#加压泵__温度_通道6_反馈,2025-02-28 03:41:26,0,192,20.1
_二期_供水泵房_5#加压泵__温度_通道6_反馈,2025-02-28 03:41:27,0,192,20.1
_二期_供水泵房_5#加压泵__温度_通道6_反馈,2025-02-28 03:41:28,0,192,20.1
_二期_供水泵房_5#加压泵__温度_通道6_反馈,2025-02-28 03:41:29,0,192,20.1
_二期_供水泵房_5#加压泵__温度_通道6_反馈,2025-02-28 03:41:30,0,192,20.1
_二期_供水泵房_5#加压泵__温度_通道6_反馈,2025-02-28 03:41:31,0,192,20.1
_二期_供水泵房_5#加压泵__温度_通道6_反馈,2025-02-28 03:41:32,0,192,20.1
_二期_供水泵房_5#加压泵__温度_通道6_反馈,2025-02-28 03:41:33,0,192,20.1
_二期_供水泵房_5#加压泵__温度_通道6_反馈,2025-02-28 03:41:34,0,192,20.1
_二期_供水泵房_5#加压泵__温度_通道6_反馈,2025-02-28 03:41:35,0,192,20.1
_二期_供水泵房_5#加压泵__温度_通道6_反馈,2025-02-28 03:41:36,0,192,20.1
_二期_供水泵房_5#加压泵__温度_通道6_反馈,2025-02-28 03:41:37,0,192,20.1
_二期_供水泵房_5#加压泵__温度_通道6_反馈,2025-02-28 03:41:38,0,192,20.1
_二期_供水泵房_5#加压泵__温度_通道6_反馈,2025-02-28 03:41:39,0,192,20.1
_二期_供水泵房_5#加压泵__温度_通道6_反馈,2025-02-28 03:41:40,0,192,20.1
_二期_供水泵房_5#加压泵__温度_通道6_反馈,2025-02-28 03:41:41,0,192,20.1
_二期_供水泵房_5#加压泵__温度_通道6_反馈,2025-02-28 03:41:42,0,192,20.1
_二期_供水泵房_5#加压泵__温度_通道6_反馈,2025-02-28 03:41:43,0,192,20.1
_二期_供水泵房_5#加压泵__温度_通道6_反馈,2025-02-28 03:41:44,0,192,20.1
_二期_供水泵房_5#加压泵__温度_通道6_反馈,2025-02-28 03:41:45,0,192,20.1
_二期_供水泵房_5#加压泵__温度_通道6_反馈,2025-02-28 03:41:46,0,192,20.1
_二期_供水泵房_5#加压泵__温度_通道6_反馈,2025-02-28 03:41:47,0,192,20.1
_二期_供水泵房_5#加压泵__温度_通道6_反馈,2025-02-28 03:41:48,0,192,20.1
_二期_供水泵房_5#加压泵__温度_通道6_反馈,2025-02-28 03:41:49,0,192,20.1
_二期_供水泵房_5#加压泵__温度_通道6_反馈,2025-02-28 03:41:50,0,192,20.1
_二期_供水泵房_5#加压泵__温度_通道6_反馈,2025-02-28 03:41:51,0,192,20.1
_二期_供水泵房_5#加压泵__温度_通道6_反馈,2025-02-28 03:41:52,0,192,20.1
_二期_供水泵房_5#加压泵__温度_通道6_反馈,2025-02-28 03:41:53,0,192,20.1
_二期_供水泵房_5#加压泵__温度_通道6_反馈,2025-02-28 03:41:54,0,192,20.1
_二期_供水泵房_5#加压泵__温度_通道6_反馈,2025-02-28 03:41:55,0,192,20.1
_二期_供水泵房_5#加压泵__温度_通道6_反馈,2025-02-28 03:41:56,0,192,20.1
_二期_供水泵房_5#加压泵__温度_通道6_反馈,2025-02-28 03:41:57,0,192,20.1
_二期_供水泵房_5#加压泵__温度_通道6_反馈,2025-02-28 03:41:58,0,192,20.1
_二期_供水泵房_5#加压泵__温度_通道6_反馈,2025-02-28 03:41:59,0,192,20.1
_二期_供水泵房_5#加压泵__温度_通道6_反馈,2025-02-28 03:42:00,0,192,20.1
_二期_供水泵房_5#加压泵__温度_通道6_反馈,2025-02-28 03:42:01,0,192,20.1
_二期_供水泵房_5#加压泵__温度_通道6_反馈,2025-02-28 03:42:02,0,192,20.1
_二期_供水泵房_5#加压泵__温度_通道6_反馈,2025-02-28 03:42:03,0,192,20.1
_二期_供水泵房_5#加压泵__温度_通道6_反馈,2025-02-28 03:42:04,0,192,20.1
_二期_供水泵房_5#加压泵__温度_通道6_反馈,2025-02-28 03:42:05,0,192,20.1
_二期_供水泵房_5#加压泵__温度_通道6_反馈,2025-02-28 03:42:06,0,192,20.1
_二期_供水泵房_5#加压泵__温度_通道6_反馈,2025-02-28 03:42:07,0,192,20.1
_二期_供水泵房_5#加压泵__温度_通道6_反馈,2025-02-28 03:42:08,0,192,20.1
_二期_供水泵房_5#加压泵__温度_通道6_反馈,2025-02-28 03:42:09,0,192,20.1
_二期_供水泵房_5#加压泵__温度_通道6_反馈,2025-02-28 03:42:10,0,192,20.1
_二期_供水泵房_5#加压泵__温度_通道6_反馈,2025-02-28 03:42:11,0,192,20.1
_二期_供水泵房_5#加压泵__温度_通道6_反馈,2025-02-28 03:42:12,0,192,20.1
_二期_供水泵房_5#加压泵__温度_通道6_反馈,2025-02-28 03:42:13,0,192,20.1
_二期_供水泵房_5#加压泵__温度_通道6_反馈,2025-02-28 03:42:14,0,192,20.1
_二期_供水泵房_5#加压泵__温度_通道6_反馈,2025-02-28 03:42:15,0,192,20.1
_二期_供水泵房_5#加压泵__温度_通道6_反馈,2025-02-28 03:42:16,0,192,20.1
_二期_供水泵房_5#加压泵__温度_通道6_反馈,2025-02-28 03:42:17,0,192,20.1
_二期_供水泵房_5#加压泵__温度_通道6_反馈,2025-02-28 03:42:18,0,192,20.1
_二期_供水泵房_5#加压泵__温度_通道6_反馈,2025-02-28 03:42:19,0,192,20.1
_二期_供水泵房_5#加压泵__温度_通道6_反馈,2025-02-28 03:42:20,0,192,20.1
_二期_供水泵房_5#加压泵__温度_通道6_反馈,2025-02-28 03:42:21,0,192,20.1
_二期_供水泵房_5#加压泵__温度_通道6_反馈,2025-02-28 03:42:22,0,192,20.1
_二期_供水泵房_5#加压泵__温度_通道6_反馈,2025-02-28 03:42:23,0,192,20.1
_二期_供水泵房_5#加压泵__温度_通道6_反馈,2025-02-28 03:42:24,0,192,20.1
_二期_供水泵房_5#加压泵__温度_通道6_反馈,2025-02-28 03:42:25,0,192,20.1
_二期_供水泵房_5#加压泵__温度_通道6_反馈,2025-02-28 03:42:26,0,192,20.1
_二期_供水泵房_5#加压泵__温度_通道6_反馈,2025-02-28 03:42:27,0,192,20.1
_二期_供水泵房_5#加压泵__温度_通道6_反馈,2025-02-28 03:42:28,0,192,20.1
_二期_供水泵房_5#加压泵__温度_通道6_反馈,2025-02-28 03:42:29,0,192,20.1
_二期_供水泵房_5#加压泵__温度_通道6_反馈,2025-02-28 03:42:30,0,192,20.1
_二期_供水泵房_5#加压泵__温度_通道6_反馈,2025-02-28 03:42:31,0,192,20.1
_二期_供水泵房_5#加压泵__温度_通道6_反馈,2025-02-28 03:42:32,0,192,20.1
_二期_供水泵房_5#加压泵__温度_通道6_反馈,2025-02-28 03:42:33,0,192,20.1
_二期_供水泵房_5#加压泵__温度_通道6_反馈,2025-02-28 03:42:34,0,192,20.1
_二期_供水泵房_5#加压泵__温度_通道6_反馈,2025-02-28 03:42:35,0,192,20.1
_二期_供水泵房_5#加压泵__温度_通道6_反馈,2025-02-28 03:42:36,0,192,20.1
_二期_供水泵房_5#加压泵__温度_通道6_反馈,2025-02-28 03:42:37,0,192,20.1
_二期_供水泵房_5#加压泵__温度_通道6_反馈,2025-02-28 03:42:38,0,192,20.1
_二期_供水泵房_5#加压泵__温度_通道6_反馈,2025-02-28 03:42:39,0,192,20.1
_二期_供水泵房_5#加压泵__温度_通道6_反馈,2025-02-28 03:42:40,0,192,20.1
_二期_供水泵房_5#加压泵__温度_通道6_反馈,2025-02-28 03:42:41,0,192,20.1
_二期_供水泵房_5#加压泵__温度_通道6_反馈,2025-02-28 03:42:42,0,192,20.1
_二期_供水泵房_5#加压泵__温度_通道6_反馈,2025-02-28 03:42:43,0,192,20.1
_二期_供水泵房_5#加压泵__温度_通道6_反馈,2025-02-28 03:42:44,0,192,20.1
_二期_供水泵房_5#加压泵__温度_通道6_反馈,2025-02-28 03:42:45,0,192,20.1
_二期_供水泵房_5#加压泵__温度_通道6_反馈,2025-02-28 03:42:46,0,192,20.1
_二期_供水泵房_5#加压泵__温度_通道6_反馈,2025-02-28 03:42:47,0,192,20.1
_二期_供水泵房_5#加压泵__温度_通道6_反馈,2025-02-28 03:42:48,0,192,20.1
_二期_供水泵房_5#加压泵__温度_通道6_反馈,2025-02-28 03:42:49,0,192,20.1
_二期_供水泵房_5#加压泵__温度_通道6_反馈,2025-02-28 03:42:50,0,192,20.1
_二期_供水泵房_5#加压泵__温度_通道6_反馈,2025-02-28 03:42:51,0,192,20.1
_二期_供水泵房_5#加压泵__温度_通道6_反馈,2025-02-28 03:42:52,0,192,20.1
_二期_供水泵房_5#加压泵__温度_通道6_反馈,2025-02-28 03:42:53,0,192,20.1
_二期_供水泵房_5#加压泵__温度_通道6_反馈,2025-02-28 03:42:54,0,192,20.1
_二期_供水泵房_5#加压泵__温度_通道6_反馈,2025-02-28 03:42:55,0,192,20.1
_二期_供水泵房_5#加压泵__温度_通道6_反馈,2025-02-28 03:42:56,0,192,20.1
_二期_供水泵房_5#加压泵__温度_通道6_反馈,2025-02-28 03:42:57,0,192,20.1
_二期_供水泵房_5#加压泵__温度_通道6_反馈,2025-02-28 03:42:58,0,192,20.1
_二期_供水泵房_5#加压泵__温度_通道6_反馈,2025-02-28 03:42:59,0,192,20.1
_二期_供水泵房_5#加压泵__温度_通道6_反馈,2025-02-28 03:43:00,0,192,20.1
_二期_供水泵房_5#加压泵__温度_通道6_反馈,2025-02-28 03:43:01,0,192,20.1
_二期_供水泵房_5#加压泵__温度_通道6_反馈,2025-02-28 03:43:02,0,192,20.1
_二期_供水泵房_5#加压泵__温度_通道6_反馈,2025-02-28 03:43:03,0,192,20.1
_二期_供水泵房_5#加压泵__温度_通道6_反馈,2025-02-28 03:43:04,0,192,20.1
_二期_供水泵房_5#加压泵__温度_通道6_反馈,2025-02-28 03:43:05,0,192,20.1
_二期_供水泵房_5#加压泵__温度_通道6_反馈,2025-02-28 03:43:06,0,192,20.1
_二期_供水泵房_5#加压泵__温度_通道6_反馈,2025-02-28 03:43:07,0,192,20.1
_二期_供水泵房_5#加压泵__温度_通道6_反馈,2025-02-28 03:43:08,0,192,20.1
_二期_供水泵房_5#加压泵__温度_通道6_反馈,2025-02-28 03:43:09,0,192,20.1
_二期_供水泵房_5#加压泵__温度_通道6_反馈,2025-02-28 03:43:10,0,192,20.1
_二期_供水泵房_5#加压泵__温度_通道6_反馈,2025-02-28 03:43:11,0,192,20.1
_二期_供水泵房_5#加压泵__温度_通道6_反馈,2025-02-28 03:43:12,0,192,20.1
_二期_供水泵房_5#加压泵__温度_通道6_反馈,2025-02-28 03:43:13,0,192,20.1
_二期_供水泵房_5#加压泵__温度_通道6_反馈,2025-02-28 03:43:14,0,192,20.1
_二期_供水泵房_5#加压泵__温度_通道6_反馈,2025-02-28 03:43:15,0,192,20.1
_二期_供水泵房_5#加压泵__温度_通道6_反馈,2025-02-28 03:43:16,0,192,20.1
_二期_供水泵房_5#加压泵__温度_通道6_反馈,2025-02-28 03:43:17,0,192,20.1
_二期_供水泵房_5#加压泵__温度_通道6_反馈,2025-02-28 03:43:18,0,192,20.1
_二期_供水泵房_5#加压泵__温度_通道6_反馈,2025-02-28 03:43:19,0,192,20.1
_二期_供水泵房_5#加压泵__温度_通道6_反馈,2025-02-28 03:43:20,0,192,20.1
_二期_供水泵房_5#加压泵__温度_通道6_反馈,2025-02-28 03:43:21,0,192,20.1
_二期_供水泵房_5#加压泵__温度_通道6_反馈,2025-02-28 03:43:22,0,192,20.1
_二期_供水泵房_5#加压泵__温度_通道6_反馈,2025-02-28 03:43:23,0,192,20.1
_二期_供水泵房_5#加压泵__温度_通道6_反馈,2025-02-28 03:43:24,0,192,20.1
_二期_供水泵房_5#加压泵__温度_通道6_反馈,2025-02-28 03:43:25,0,192,20.1
_二期_供水泵房_5#加压泵__温度_通道6_反馈,2025-02-28 03:43:26,0,192,20.1
_二期_供水泵房_5#加压泵__温度_通道6_反馈,2025-02-28 03:43:27,0,192,20.1
_二期_供水泵房_5#加压泵__温度_通道6_反馈,2025-02-28 03:43:28,0,192,20.1
_二期_供水泵房_5#加压泵__温度_通道6_反馈,2025-02-28 03:43:29,0,192,20.1
_二期_供水泵房_5#加压泵__温度_通道6_反馈,2025-02-28 03:43:30,0,192,20.1
_二期_供水泵房_5#加压泵__温度_通道6_反馈,2025-02-28 03:43:31,0,192,20.1
_二期_供水泵房_5#加压泵__温度_通道6_反馈,2025-02-28 03:43:32,0,192,20.1
_二期_供水泵房_5#加压泵__温度_通道6_反馈,2025-02-28 03:43:33,0,192,20.1
_二期_供水泵房_5#加压泵__温度_通道6_反馈,2025-02-28 03:43:34,0,192,20.1
_二期_供水泵房_5#加压泵__温度_通道6_反馈,2025-02-28 03:43:35,0,192,20.1
_二期_供水泵房_5#加压泵__温度_通道6_反馈,2025-02-28 03:43:36,0,192,20.1
_二期_供水泵房_5#加压泵__温度_通道6_反馈,2025-02-28 03:43:37,0,192,20.1
_二期_供水泵房_5#加压泵__温度_通道6_反馈,2025-02-28 03:43:38,0,192,20.1
_二期_供水泵房_5#加压泵__温度_通道6_反馈,2025-02-28 03:43:39,0,192,20.1
_二期_供水泵房_5#加压泵__温度_通道6_反馈,2025-02-28 03:43:40,0,192,20.1
_二期_供水泵房_5#加压泵__温度_通道6_反馈,2025-02-28 03:43:41,0,192,20.1
_二期_供水泵房_5#加压泵__温度_通道6_反馈,2025-02-28 03:43:42,0,192,20.1
_二期_供水泵房_5#加压泵__温度_通道6_反馈,2025-02-28 03:43:43,0,192,20.1
_二期_供水泵房_5#加压泵__温度_通道6_反馈,2025-02-28 03:43:44,0,192,20.1
_二期_供水泵房_5#加压泵__温度_通道6_反馈,2025-02-28 03:43:45,0,192,20.1
_二期_供水泵房_5#加压泵__温度_通道6_反馈,2025-02-28 03:43:46,0,192,20.1
_二期_供水泵房_5#加压泵__温度_通道6_反馈,2025-02-28 03:43:47,0,192,20.1
_二期_供水泵房_5#加压泵__温度_通道6_反馈,2025-02-28 03:43:48,0,192,20.1
_二期_供水泵房_5#加压泵__温度_通道6_反馈,2025-02-28 03:43:49,0,192,20.1
_二期_供水泵房_5#加压泵__温度_通道6_反馈,2025-02-28 03:43:50,0,192,20.1
_二期_供水泵房_5#加压泵__温度_通道6_反馈,2025-02-28 03:43:51,0,192,20.1
_二期_供水泵房_5#加压泵__温度_通道6_反馈,2025-02-28 03:43:52,0,192,20.1
_二期_供水泵房_5#加压泵__温度_通道6_反馈,2025-02-28 03:43:53,0,192,20.1
_二期_供水泵房_5#加压泵__温度_通道6_反馈,2025-02-28 03:43:54,0,192,20.1
_二期_供水泵房_5#加压泵__温度_通道6_反馈,2025-02-28 03:43:55,0,192,20.1
_二期_供水泵房_5#加压泵__温度_通道6_反馈,2025-02-28 03:43:56,0,192,20.1
_二期_供水泵房_5#加压泵__温度_通道6_反馈,2025-02-28 03:43:57,0,192,20.1
_二期_供水泵房_5#加压泵__温度_通道6_反馈,2025-02-28 03:43:58,0,192,20.1
_二期_供水泵房_5#加压泵__温度_通道6_反馈,2025-02-28 03:43:59,0,192,20.1
_二期_供水泵房_5#加压泵__温度_通道6_反馈,2025-02-28 03:44:00,0,192,20.1
_二期_供水泵房_5#加压泵__温度_通道6_反馈,2025-02-28 03:44:01,0,192,20.1
_二期_供水泵房_5#加压泵__温度_通道6_反馈,2025-02-28 03:44:02,0,192,20.1
_二期_供水泵房_5#加压泵__温度_通道6_反馈,2025-02-28 03:44:03,0,192,20.1
_二期_供水泵房_5#加压泵__温度_通道6_反馈,2025-02-28 03:44:04,0,192,20.1
_二期_供水泵房_5#加压泵__温度_通道6_反馈,2025-02-28 03:44:05,0,192,20.1
_二期_供水泵房_5#加压泵__温度_通道6_反馈,2025-02-28 03:44:06,0,192,20.1
_二期_供水泵房_5#加压泵__温度_通道6_反馈,2025-02-28 03:44:07,0,192,20.1
_二期_供水泵房_5#加压泵__温度_通道6_反馈,2025-02-28 03:44:08,0,192,20.1
_二期_供水泵房_5#加压泵__温度_通道6_反馈,2025-02-28 03:44:09,0,192,20.1
_二期_供水泵房_5#加压泵__温度_通道6_反馈,2025-02-28 03:44:10,0,192,20.1
_二期_供水泵房_5#加压泵__温度_通道6_反馈,2025-02-28 03:44:11,0,192,20.1
_二期_供水泵房_5#加压泵__温度_通道6_反馈,2025-02-28 03:44:12,0,192,20.1
_二期_供水泵房_5#加压泵__温度_通道6_反馈,2025-02-28 03:44:13,0,192,20.1
_二期_供水泵房_5#加压泵__温度_通道6_反馈,2025-02-28 03:44:14,0,192,20.1
_二期_供水泵房_5#加压泵__温度_通道6_反馈,2025-02-28 03:44:15,0,192,20.1
_二期_供水泵房_5#加压泵__温度_通道6_反馈,2025-02-28 03:44:16,0,192,20.1
_二期_供水泵房_5#加压泵__温度_通道6_反馈,2025-02-28 03:44:17,0,192,20.1
_二期_供水泵房_5#加压泵__温度_通道6_反馈,2025-02-28 03:44:18,0,192,20.1
_二期_供水泵房_5#加压泵__温度_通道6_反馈,2025-02-28 03:44:19,0,192,20.1
_二期_供水泵房_5#加压泵__温度_通道6_反馈,2025-02-28 03:44:20,0,192,20.1
_二期_供水泵房_5#加压泵__温度_通道6_反馈,2025-02-28 03:44:21,0,192,20.1
_二期_供水泵房_5#加压泵__温度_通道6_反馈,2025-02-28 03:44:22,0,192,20.1
_二期_供水泵房_5#加压泵__温度_通道6_反馈,2025-02-28 03:44:23,0,192,20.1
_二期_供水泵房_5#加压泵__温度_通道6_反馈,2025-02-28 03:44:24,0,192,20.1
_二期_供水泵房_5#加压泵__温度_通道6_反馈,2025-02-28 03:44:25,0,192,20.1
_二期_供水泵房_5#加压泵__温度_通道6_反馈,2025-02-28 03:44:26,0,192,20.1
_二期_供水泵房_5#加压泵__温度_通道6_反馈,2025-02-28 03:44:27,0,192,20.1
_二期_供水泵房_5#加压泵__温度_通道6_反馈,2025-02-28 03:44:28,0,192,20.1
_二期_供水泵房_5#加压泵__温度_通道6_反馈,2025-02-28 03:44:29,0,192,20.1
_二期_供水泵房_5#加压泵__温度_通道6_反馈,2025-02-28 03:44:30,0,192,20.1
_二期_供水泵房_5#加压泵__温度_通道6_反馈,2025-02-28 03:44:31,0,192,20.1
_二期_供水泵房_5#加压泵__温度_通道6_反馈,2025-02-28 03:44:32,0,192,20.1
_二期_供水泵房_5#加压泵__温度_通道6_反馈,2025-02-28 03:44:33,0,192,20.1
_二期_供水泵房_5#加压泵__温度_通道6_反馈,2025-02-28 03:44:34,0,192,20.1
_二期_供水泵房_5#加压泵__温度_通道6_反馈,2025-02-28 03:44:35,0,192,20.1
_二期_供水泵房_5#加压泵__温度_通道6_反馈,2025-02-28 03:44:36,0,192,20.1
_二期_供水泵房_5#加压泵__温度_通道6_反馈,2025-02-28 03:44:37,0,192,20.1
_二期_供水泵房_5#加压泵__温度_通道6_反馈,2025-02-28 03:44:38,0,192,20.1
_二期_供水泵房_5#加压泵__温度_通道6_反馈,2025-02-28 03:44:39,0,192,20.1
_二期_供水泵房_5#加压泵__温度_通道6_反馈,2025-02-28 03:44:40,0,192,20.1
_二期_供水泵房_5#加压泵__温度_通道6_反馈,2025-02-28 03:44:41,0,192,20.1
_二期_供水泵房_5#加压泵__温度_通道6_反馈,2025-02-28 03:44:42,0,192,20.1
_二期_供水泵房_5#加压泵__温度_通道6_反馈,2025-02-28 03:44:43,0,192,20.1
_二期_供水泵房_5#加压泵__温度_通道6_反馈,2025-02-28 03:44:44,0,192,20.1
_二期_供水泵房_5#加压泵__温度_通道6_反馈,2025-02-28 03:44:45,0,192,20.1
_二期_供水泵房_5#加压泵__温度_通道6_反馈,2025-02-28 03:44:46,0,192,20.1
_二期_供水泵房_5#加压泵__温度_通道6_反馈,2025-02-28 03:44:47,0,192,20.1
_二期_供水泵房_5#加压泵__温度_通道6_反馈,2025-02-28 03:44:48,0,192,20.1
_二期_供水泵房_5#加压泵__温度_通道6_反馈,2025-02-28 03:44:49,0,192,20.1
_二期_供水泵房_5#加压泵__温度_通道6_反馈,2025-02-28 03:44:50,0,192,20.1
_二期_供水泵房_5#加压泵__温度_通道6_反馈,2025-02-28 03:44:51,0,192,20.1
_二期_供水泵房_5#加压泵__温度_通道6_反馈,2025-02-28 03:44:52,0,192,20.1
_二期_供水泵房_5#加压泵__温度_通道6_反馈,2025-02-28 03:44:53,0,192,20.1
_二期_供水泵房_5#加压泵__温度_通道6_反馈,2025-02-28 03:44:54,0,192,20.1
_二期_供水泵房_5#加压泵__温度_通道6_反馈,2025-02-28 03:44:55,0,192,20.1
_二期_供水泵房_5#加压泵__温度_通道6_反馈,2025-02-28 03:44:56,0,192,20.1
_二期_供水泵房_5#加压泵__温度_通道6_反馈,2025-02-28 03:44:57,0,192,20.1
_二期_供水泵房_5#加压泵__温度_通道6_反馈,2025-02-28 03:44:58,0,192,20.1
_二期_供水泵房_5#加压泵__温度_通道6_反馈,2025-02-28 03:44:59,0,192,20.1
_二期_供水泵房_5#加压泵__温度_通道6_反馈,2025-02-28 03:45:00,0,192,20.1
_二期_供水泵房_5#加压泵__温度_通道6_反馈,2025-02-28 03:45:01,0,192,20.1
_二期_供水泵房_5#加压泵__温度_通道6_反馈,2025-02-28 03:45:02,0,192,20.1
_二期_供水泵房_5#加压泵__温度_通道6_反馈,2025-02-28 03:45:03,0,192,20.1
_二期_供水泵房_5#加压泵__温度_通道6_反馈,2025-02-28 03:45:04,0,192,20.1
_二期_供水泵房_5#加压泵__温度_通道6_反馈,2025-02-28 03:45:05,0,192,20.1
_二期_供水泵房_5#加压泵__温度_通道6_反馈,2025-02-28 03:45:06,0,192,20.1
_二期_供水泵房_5#加压泵__温度_通道6_反馈,2025-02-28 03:45:07,0,192,20.1
_二期_供水泵房_5#加压泵__温度_通道6_反馈,2025-02-28 03:45:08,0,192,20.1
_二期_供水泵房_5#加压泵__温度_通道6_反馈,2025-02-28 03:45:09,0,192,20.1
_二期_供水泵房_5#加压泵__温度_通道6_反馈,2025-02-28 03:45:10,0,192,20.1
_二期_供水泵房_5#加压泵__温度_通道6_反馈,2025-02-28 03:45:11,0,192,20.1
_二期_供水泵房_5#加压泵__温度_通道6_反馈,2025-02-28 03:45:12,0,192,20.1
_二期_供水泵房_5#加压泵__温度_通道6_反馈,2025-02-28 03:45:13,0,192,20.1
_二期_供水泵房_5#加压泵__温度_通道6_反馈,2025-02-28 03:45:14,0,192,20.1
_二期_供水泵房_5#加压泵__温度_通道6_反馈,2025-02-28 03:45:15,0,192,20.1
_二期_供水泵房_5#加压泵__温度_通道6_反馈,2025-02-28 03:45:16,0,192,20.1
_二期_供水泵房_5#加压泵__温度_通道6_反馈,2025-02-28 03:45:17,0,192,20.1
_二期_供水泵房_5#加压泵__温度_通道6_反馈,2025-02-28 03:45:18,0,192,20.1
_二期_供水泵房_5#加压泵__温度_通道6_反馈,2025-02-28 03:45:19,0,192,20.1
_二期_供水泵房_5#加压泵__温度_通道6_反馈,2025-02-28 03:45:20,0,192,20.1
_二期_供水泵房_5#加压泵__温度_通道6_反馈,2025-02-28 03:45:21,0,192,20.1
_二期_供水泵房_5#加压泵__温度_通道6_反馈,2025-02-28 03:45:22,0,192,20.1
_二期_供水泵房_5#加压泵__温度_通道6_反馈,2025-02-28 03:45:23,0,192,20.1
_二期_供水泵房_5#加压泵__温度_通道6_反馈,2025-02-28 03:45:24,0,192,20.1
_二期_供水泵房_5#加压泵__温度_通道6_反馈,2025-02-28 03:45:25,0,192,20.1
_二期_供水泵房_5#加压泵__温度_通道6_反馈,2025-02-28 03:45:26,0,192,20.1
_二期_供水泵房_5#加压泵__温度_通道6_反馈,2025-02-28 03:45:27,0,192,20.1
_二期_供水泵房_5#加压泵__温度_通道6_反馈,2025-02-28 03:45:28,0,192,20.1
_二期_供水泵房_5#加压泵__温度_通道6_反馈,2025-02-28 03:45:29,0,192,20.1
_二期_供水泵房_5#加压泵__温度_通道6_反馈,2025-02-28 03:45:30,0,192,20.1
_二期_供水泵房_5#加压泵__温度_通道6_反馈,2025-02-28 03:45:31,0,192,20.1
_二期_供水泵房_5#加压泵__温度_通道6_反馈,2025-02-28 03:45:32,0,192,20.1
_二期_供水泵房_5#加压泵__温度_通道6_反馈,2025-02-28 03:45:33,0,192,20.1
_二期_供水泵房_5#加压泵__温度_通道6_反馈,2025-02-28 03:45:34,0,192,20.1
_二期_供水泵房_5#加压泵__温度_通道6_反馈,2025-02-28 03:45:35,0,192,20.1
_二期_供水泵房_5#加压泵__温度_通道6_反馈,2025-02-28 03:45:36,0,192,20.1
_二期_供水泵房_5#加压泵__温度_通道6_反馈,2025-02-28 03:45:37,0,192,20.1
_二期_供水泵房_5#加压泵__温度_通道6_反馈,2025-02-28 03:45:38,0,192,20.1
_二期_供水泵房_5#加压泵__温度_通道6_反馈,2025-02-28 03:45:39,0,192,20.1
_二期_供水泵房_5#加压泵__温度_通道6_反馈,2025-02-28 03:45:40,0,192,20.1
_二期_供水泵房_5#加压泵__温度_通道6_反馈,2025-02-28 03:45:41,0,192,20.1
_二期_供水泵房_5#加压泵__温度_通道6_反馈,2025-02-28 03:45:42,0,192,20.1
_二期_供水泵房_5#加压泵__温度_通道6_反馈,2025-02-28 03:45:43,0,192,20.1
_二期_供水泵房_5#加压泵__温度_通道6_反馈,2025-02-28 03:45:44,0,192,20.1
_二期_供水泵房_5#加压泵__温度_通道6_反馈,2025-02-28 03:45:45,0,192,20.1
_二期_供水泵房_5#加压泵__温度_通道6_反馈,2025-02-28 03:45:46,0,192,20.1
_二期_供水泵房_5#加压泵__温度_通道6_反馈,2025-02-28 03:45:47,0,192,20.1
_二期_供水泵房_5#加压泵__温度_通道6_反馈,2025-02-28 03:45:48,0,192,20.1
_二期_供水泵房_5#加压泵__温度_通道6_反馈,2025-02-28 03:45:49,0,192,20.1
_二期_供水泵房_5#加压泵__温度_通道6_反馈,2025-02-28 03:45:50,0,192,20.1
_二期_供水泵房_5#加压泵__温度_通道6_反馈,2025-02-28 03:45:51,0,192,20.1
_二期_供水泵房_5#加压泵__温度_通道6_反馈,2025-02-28 03:45:52,0,192,20.1
_二期_供水泵房_5#加压泵__温度_通道6_反馈,2025-02-28 03:45:53,0,192,20.1
_二期_供水泵房_5#加压泵__温度_通道6_反馈,2025-02-28 03:45:54,0,192,20.1
_二期_供水泵房_5#加压泵__温度_通道6_反馈,2025-02-28 03:45:55,0,192,20.1
_二期_供水泵房_5#加压泵__温度_通道6_反馈,2025-02-28 03:45:56,0,192,20.1
_二期_供水泵房_5#加压泵__温度_通道6_反馈,2025-02-28 03:45:57,0,192,20.1
_二期_供水泵房_5#加压泵__温度_通道6_反馈,2025-02-28 03:45:58,0,192,20.1
_二期_供水泵房_5#加压泵__温度_通道6_反馈,2025-02-28 03:45:59,0,192,20.1
_二期_供水泵房_5#加压泵__温度_通道6_反馈,2025-02-28 03:46:00,0,192,20.1
_二期_供水泵房_5#加压泵__温度_通道6_反馈,2025-02-28 03:46:01,0,192,20.1
_二期_供水泵房_5#加压泵__温度_通道6_反馈,2025-02-28 03:46:02,0,192,20.1
_二期_供水泵房_5#加压泵__温度_通道6_反馈,2025-02-28 03:46:03,0,192,20.1
_二期_供水泵房_5#加压泵__温度_通道6_反馈,2025-02-28 03:46:04,0,192,20.1
_二期_供水泵房_5#加压泵__温度_通道6_反馈,2025-02-28 03:46:05,0,192,20.1
_二期_供水泵房_5#加压泵__温度_通道6_反馈,2025-02-28 03:46:06,0,192,20.1
_二期_供水泵房_5#加压泵__温度_通道6_反馈,2025-02-28 03:46:07,0,192,20.1
_二期_供水泵房_5#加压泵__温度_通道6_反馈,2025-02-28 03:46:08,0,192,20.1
_二期_供水泵房_5#加压泵__温度_通道6_反馈,2025-02-28 03:46:09,0,192,20.1
_二期_供水泵房_5#加压泵__温度_通道6_反馈,2025-02-28 03:46:10,0,192,20.1
_二期_供水泵房_5#加压泵__温度_通道6_反馈,2025-02-28 03:46:11,0,192,20.1
_二期_供水泵房_5#加压泵__温度_通道6_反馈,2025-02-28 03:46:12,0,192,20.1
_二期_供水泵房_5#加压泵__温度_通道6_反馈,2025-02-28 03:46:13,0,192,20.1
_二期_供水泵房_5#加压泵__温度_通道6_反馈,2025-02-28 03:46:14,0,192,20.1
_二期_供水泵房_5#加压泵__温度_通道6_反馈,2025-02-28 03:46:15,0,192,20.1
_二期_供水泵房_5#加压泵__温度_通道6_反馈,2025-02-28 03:46:16,0,192,20.1
_二期_供水泵房_5#加压泵__温度_通道6_反馈,2025-02-28 03:46:17,0,192,20.1
_二期_供水泵房_5#加压泵__温度_通道6_反馈,2025-02-28 03:46:18,0,192,20.1
_二期_供水泵房_5#加压泵__温度_通道6_反馈,2025-02-28 03:46:19,0,192,20.1
_二期_供水泵房_5#加压泵__温度_通道6_反馈,2025-02-28 03:46:20,0,192,20.1
_二期_供水泵房_5#加压泵__温度_通道6_反馈,2025-02-28 03:46:21,0,192,20.1
_二期_供水泵房_5#加压泵__温度_通道6_反馈,2025-02-28 03:46:22,0,192,20.1
_二期_供水泵房_5#加压泵__温度_通道6_反馈,2025-02-28 03:46:23,0,192,20.1
_二期_供水泵房_5#加压泵__温度_通道6_反馈,2025-02-28 03:46:24,0,192,20.1
_二期_供水泵房_5#加压泵__温度_通道6_反馈,2025-02-28 03:46:25,0,192,20.1
_二期_供水泵房_5#加压泵__温度_通道6_反馈,2025-02-28 03:46:26,0,192,20.1
_二期_供水泵房_5#加压泵__温度_通道6_反馈,2025-02-28 03:46:27,0,192,20.1
_二期_供水泵房_5#加压泵__温度_通道6_反馈,2025-02-28 03:46:28,0,192,20.1
_二期_供水泵房_5#加压泵__温度_通道6_反馈,2025-02-28 03:46:29,0,192,20.1
_二期_供水泵房_5#加压泵__温度_通道6_反馈,2025-02-28 03:46:30,0,192,20.1
_二期_供水泵房_5#加压泵__温度_通道6_反馈,2025-02-28 03:46:31,0,192,20.1
_二期_供水泵房_5#加压泵__温度_通道6_反馈,2025-02-28 03:46:32,0,192,20.1
_二期_供水泵房_5#加压泵__温度_通道6_反馈,2025-02-28 03:46:33,0,192,20.1
_二期_供水泵房_5#加压泵__温度_通道6_反馈,2025-02-28 03:46:34,0,192,20.1
_二期_供水泵房_5#加压泵__温度_通道6_反馈,2025-02-28 03:46:35,0,192,20.1
_二期_供水泵房_5#加压泵__温度_通道6_反馈,2025-02-28 03:46:36,0,192,20.1
_二期_供水泵房_5#加压泵__温度_通道6_反馈,2025-02-28 03:46:37,0,192,20.1
_二期_供水泵房_5#加压泵__温度_通道6_反馈,2025-02-28 03:46:38,0,192,20.1
_二期_供水泵房_5#加压泵__温度_通道6_反馈,2025-02-28 03:46:39,0,192,20.1
_二期_供水泵房_5#加压泵__温度_通道6_反馈,2025-02-28 03:46:40,0,192,20.1
_二期_供水泵房_5#加压泵__温度_通道6_反馈,2025-02-28 03:46:41,0,192,20.1
_二期_供水泵房_5#加压泵__温度_通道6_反馈,2025-02-28 03:46:42,0,192,20.1
_二期_供水泵房_5#加压泵__温度_通道6_反馈,2025-02-28 03:46:43,0,192,20.1
_二期_供水泵房_5#加压泵__温度_通道6_反馈,2025-02-28 03:46:44,0,192,20.1
_二期_供水泵房_5#加压泵__温度_通道6_反馈,2025-02-28 03:46:45,0,192,20.1
_二期_供水泵房_5#加压泵__温度_通道6_反馈,2025-02-28 03:46:46,0,192,20.1
_二期_供水泵房_5#加压泵__温度_通道6_反馈,2025-02-28 03:46:47,0,192,20.1
_二期_供水泵房_5#加压泵__温度_通道6_反馈,2025-02-28 03:46:48,0,192,20.1
_二期_供水泵房_5#加压泵__温度_通道6_反馈,2025-02-28 03:46:49,0,192,20.1
_二期_供水泵房_5#加压泵__温度_通道6_反馈,2025-02-28 03:46:50,0,192,20.1
_二期_供水泵房_5#加压泵__温度_通道6_反馈,2025-02-28 03:46:51,0,192,20.1
_二期_供水泵房_5#加压泵__温度_通道6_反馈,2025-02-28 03:46:52,0,192,20.1
_二期_供水泵房_5#加压泵__温度_通道6_反馈,2025-02-28 03:46:53,0,192,20.1
_二期_供水泵房_5#加压泵__温度_通道6_反馈,2025-02-28 03:46:54,0,192,20.1
_二期_供水泵房_5#加压泵__温度_通道6_反馈,2025-02-28 03:46:55,0,192,20.1
_二期_供水泵房_5#加压泵__温度_通道6_反馈,2025-02-28 03:46:56,0,192,20.1
_二期_供水泵房_5#加压泵__温度_通道6_反馈,2025-02-28 03:46:57,0,192,20.1
_二期_供水泵房_5#加压泵__温度_通道6_反馈,2025-02-28 03:46:58,0,192,20.1
_二期_供水泵房_5#加压泵__温度_通道6_反馈,2025-02-28 03:46:59,0,192,20.1
_二期_供水泵房_5#加压泵__温度_通道6_反馈,2025-02-28 03:47:00,0,192,20.1
_二期_供水泵房_5#加压泵__温度_通道6_反馈,2025-02-28 03:47:01,0,192,20.1
_二期_供水泵房_5#加压泵__温度_通道6_反馈,2025-02-28 03:47:02,0,192,20.1
_二期_供水泵房_5#加压泵__温度_通道6_反馈,2025-02-28 03:47:03,0,192,20.1
_二期_供水泵房_5#加压泵__温度_通道6_反馈,2025-02-28 03:47:04,0,192,20.1
_二期_供水泵房_5#加压泵__温度_通道6_反馈,2025-02-28 03:47:05,0,192,20.1
_二期_供水泵房_5#加压泵__温度_通道6_反馈,2025-02-28 03:47:06,0,192,20.1
_二期_供水泵房_5#加压泵__温度_通道6_反馈,2025-02-28 03:47:07,0,192,20.1
_二期_供水泵房_5#加压泵__温度_通道6_反馈,2025-02-28 03:47:08,0,192,20.1
_二期_供水泵房_5#加压泵__温度_通道6_反馈,2025-02-28 03:47:09,0,192,20.1
_二期_供水泵房_5#加压泵__温度_通道6_反馈,2025-02-28 03:47:10,0,192,20.1
_二期_供水泵房_5#加压泵__温度_通道6_反馈,2025-02-28 03:47:11,0,192,20.1
_二期_供水泵房_5#加压泵__温度_通道6_反馈,2025-02-28 03:47:12,0,192,20.1
_二期_供水泵房_5#加压泵__温度_通道6_反馈,2025-02-28 03:47:13,0,192,20.1
_二期_供水泵房_5#加压泵__温度_通道6_反馈,2025-02-28 03:47:14,0,192,20.1
_二期_供水泵房_5#加压泵__温度_通道6_反馈,2025-02-28 03:47:15,0,192,20.1
_二期_供水泵房_5#加压泵__温度_通道6_反馈,2025-02-28 03:47:16,0,192,20.1
_二期_供水泵房_5#加压泵__温度_通道6_反馈,2025-02-28 03:47:17,0,192,20.1
_二期_供水泵房_5#加压泵__温度_通道6_反馈,2025-02-28 03:47:18,0,192,20.1
_二期_供水泵房_5#加压泵__温度_通道6_反馈,2025-02-28 03:47:19,0,192,20.1
_二期_供水泵房_5#加压泵__温度_通道6_反馈,2025-02-28 03:47:20,0,192,20.1
_二期_供水泵房_5#加压泵__温度_通道6_反馈,2025-02-28 03:47:21,0,192,20.1
_二期_供水泵房_5#加压泵__温度_通道6_反馈,2025-02-28 03:47:22,0,192,20.1
_二期_供水泵房_5#加压泵__温度_通道6_反馈,2025-02-28 03:47:23,0,192,20.1
_二期_供水泵房_5#加压泵__温度_通道6_反馈,2025-02-28 03:47:24,0,192,20.1
_二期_供水泵房_5#加压泵__温度_通道6_反馈,2025-02-28 03:47:25,0,192,20.1
_二期_供水泵房_5#加压泵__温度_通道6_反馈,2025-02-28 03:47:26,0,192,20.1
_二期_供水泵房_5#加压泵__温度_通道6_反馈,2025-02-28 03:47:27,0,192,20.1
_二期_供水泵房_5#加压泵__温度_通道6_反馈,2025-02-28 03:47:28,0,192,20.1
_二期_供水泵房_5#加压泵__温度_通道6_反馈,2025-02-28 03:47:29,0,192,20.1
_二期_供水泵房_5#加压泵__温度_通道6_反馈,2025-02-28 03:47:30,0,192,20.1
_二期_供水泵房_5#加压泵__温度_通道6_反馈,2025-02-28 03:47:31,0,192,20.1
_二期_供水泵房_5#加压泵__温度_通道6_反馈,2025-02-28 03:47:32,0,192,20.1
_二期_供水泵房_5#加压泵__温度_通道6_反馈,2025-02-28 03:47:33,0,192,20.1
_二期_供水泵房_5#加压泵__温度_通道6_反馈,2025-02-28 03:47:34,0,192,20.1
_二期_供水泵房_5#加压泵__温度_通道6_反馈,2025-02-28 03:47:35,0,192,20.1
_二期_供水泵房_5#加压泵__温度_通道6_反馈,2025-02-28 03:47:36,0,192,20.1
_二期_供水泵房_5#加压泵__温度_通道6_反馈,2025-02-28 03:47:37,0,192,20.1
_二期_供水泵房_5#加压泵__温度_通道6_反馈,2025-02-28 03:47:38,0,192,20.1
_二期_供水泵房_5#加压泵__温度_通道6_反馈,2025-02-28 03:47:39,0,192,20.1
_二期_供水泵房_5#加压泵__温度_通道6_反馈,2025-02-28 03:47:40,0,192,20.1
_二期_供水泵房_5#加压泵__温度_通道6_反馈,2025-02-28 03:47:41,0,192,20.1
_二期_供水泵房_5#加压泵__温度_通道6_反馈,2025-02-28 03:47:42,0,192,20.1
_二期_供水泵房_5#加压泵__温度_通道6_反馈,2025-02-28 03:47:43,0,192,20.1
_二期_供水泵房_5#加压泵__温度_通道6_反馈,2025-02-28 03:47:44,0,192,20.1
_二期_供水泵房_5#加压泵__温度_通道6_反馈,2025-02-28 03:47:45,0,192,20.1
_二期_供水泵房_5#加压泵__温度_通道6_反馈,2025-02-28 03:47:46,0,192,20.1
_二期_供水泵房_5#加压泵__温度_通道6_反馈,2025-02-28 03:47:47,0,192,20.1
_二期_供水泵房_5#加压泵__温度_通道6_反馈,2025-02-28 03:47:48,0,192,20.1
_二期_供水泵房_5#加压泵__温度_通道6_反馈,2025-02-28 03:47:49,0,192,20.1
_二期_供水泵房_5#加压泵__温度_通道6_反馈,2025-02-28 03:47:50,0,192,20.1
_二期_供水泵房_5#加压泵__温度_通道6_反馈,2025-02-28 03:47:51,0,192,20.1
_二期_供水泵房_5#加压泵__温度_通道6_反馈,2025-02-28 03:47:52,0,192,20.1
_二期_供水泵房_5#加压泵__温度_通道6_反馈,2025-02-28 03:47:53,0,192,20.1
_二期_供水泵房_5#加压泵__温度_通道6_反馈,2025-02-28 03:47:54,0,192,20.1
_二期_供水泵房_5#加压泵__温度_通道6_反馈,2025-02-28 03:47:55,0,192,20.1
_二期_供水泵房_5#加压泵__温度_通道6_反馈,2025-02-28 03:47:56,0,192,20.1
_二期_供水泵房_5#加压泵__温度_通道6_反馈,2025-02-28 03:47:57,0,192,20.1
_二期_供水泵房_5#加压泵__温度_通道6_反馈,2025-02-28 03:47:58,0,192,20.1
_二期_供水泵房_5#加压泵__温度_通道6_反馈,2025-02-28 03:47:59,0,192,20.1
_二期_供水泵房_5#加压泵__温度_通道6_反馈,2025-02-28 03:48:00,0,192,20.1
_二期_供水泵房_5#加压泵__温度_通道6_反馈,2025-02-28 03:48:01,0,192,20.1
_二期_供水泵房_5#加压泵__温度_通道6_反馈,2025-02-28 03:48:02,0,192,20.1
_二期_供水泵房_5#加压泵__温度_通道6_反馈,2025-02-28 03:48:03,0,192,20.1
_二期_供水泵房_5#加压泵__温度_通道6_反馈,2025-02-28 03:48:04,0,192,20.1
_二期_供水泵房_5#加压泵__温度_通道6_反馈,2025-02-28 03:48:05,0,192,20.1
_二期_供水泵房_5#加压泵__温度_通道6_反馈,2025-02-28 03:48:06,0,192,20.1
_二期_供水泵房_5#加压泵__温度_通道6_反馈,2025-02-28 03:48:07,0,192,20.1
_二期_供水泵房_5#加压泵__温度_通道6_反馈,2025-02-28 03:48:08,0,192,20.1
_二期_供水泵房_5#加压泵__温度_通道6_反馈,2025-02-28 03:48:09,0,192,20.1
_二期_供水泵房_5#加压泵__温度_通道6_反馈,2025-02-28 03:48:10,0,192,20.1
_二期_供水泵房_5#加压泵__温度_通道6_反馈,2025-02-28 03:48:11,0,192,20.1
_二期_供水泵房_5#加压泵__温度_通道6_反馈,2025-02-28 03:48:12,0,192,20.1
_二期_供水泵房_5#加压泵__温度_通道6_反馈,2025-02-28 03:48:13,0,192,20.1
_二期_供水泵房_5#加压泵__温度_通道6_反馈,2025-02-28 03:48:14,0,192,20.1
_二期_供水泵房_5#加压泵__温度_通道6_反馈,2025-02-28 03:48:15,0,192,20.1
_二期_供水泵房_5#加压泵__温度_通道6_反馈,2025-02-28 03:48:16,0,192,20.1
_二期_供水泵房_5#加压泵__温度_通道6_反馈,2025-02-28 03:48:17,0,192,20.1
_二期_供水泵房_5#加压泵__温度_通道6_反馈,2025-02-28 03:48:18,0,192,20.1
_二期_供水泵房_5#加压泵__温度_通道6_反馈,2025-02-28 03:48:19,0,192,20.1
_二期_供水泵房_5#加压泵__温度_通道6_反馈,2025-02-28 03:48:20,0,192,20.1
_二期_供水泵房_5#加压泵__温度_通道6_反馈,2025-02-28 03:48:21,0,192,20.1
_二期_供水泵房_5#加压泵__温度_通道6_反馈,2025-02-28 03:48:22,0,192,20.1
_二期_供水泵房_5#加压泵__温度_通道6_反馈,2025-02-28 03:48:23,0,192,20.1
_二期_供水泵房_5#加压泵__温度_通道6_反馈,2025-02-28 03:48:24,0,192,20.1
_二期_供水泵房_5#加压泵__温度_通道6_反馈,2025-02-28 03:48:25,0,192,20.1
_二期_供水泵房_5#加压泵__温度_通道6_反馈,2025-02-28 03:48:26,0,192,20.1
_二期_供水泵房_5#加压泵__温度_通道6_反馈,2025-02-28 03:48:27,0,192,20.1
_二期_供水泵房_5#加压泵__温度_通道6_反馈,2025-02-28 03:48:28,0,192,20.1
_二期_供水泵房_5#加压泵__温度_通道6_反馈,2025-02-28 03:48:29,0,192,20.1
_二期_供水泵房_5#加压泵__温度_通道6_反馈,2025-02-28 03:48:30,0,192,20.1
_二期_供水泵房_5#加压泵__温度_通道6_反馈,2025-02-28 03:48:31,0,192,20.1
_二期_供水泵房_5#加压泵__温度_通道6_反馈,2025-02-28 03:48:32,0,192,20.1
_二期_供水泵房_5#加压泵__温度_通道6_反馈,2025-02-28 03:48:33,0,192,20.1
_二期_供水泵房_5#加压泵__温度_通道6_反馈,2025-02-28 03:48:34,0,192,20.1
_二期_供水泵房_5#加压泵__温度_通道6_反馈,2025-02-28 03:48:35,0,192,20.1
_二期_供水泵房_5#加压泵__温度_通道6_反馈,2025-02-28 03:48:36,0,192,20.1
_二期_供水泵房_5#加压泵__温度_通道6_反馈,2025-02-28 03:48:37,0,192,20.1
_二期_供水泵房_5#加压泵__温度_通道6_反馈,2025-02-28 03:48:38,0,192,20.1
_二期_供水泵房_5#加压泵__温度_通道6_反馈,2025-02-28 03:48:39,0,192,20.1
_二期_供水泵房_5#加压泵__温度_通道6_反馈,2025-02-28 03:48:40,0,192,20.1
_二期_供水泵房_5#加压泵__温度_通道6_反馈,2025-02-28 03:48:41,0,192,20.1
_二期_供水泵房_5#加压泵__温度_通道6_反馈,2025-02-28 03:48:42,0,192,20.1
_二期_供水泵房_5#加压泵__温度_通道6_反馈,2025-02-28 03:48:43,0,192,20.1
_二期_供水泵房_5#加压泵__温度_通道6_反馈,2025-02-28 03:48:44,0,192,20.1
_二期_供水泵房_5#加压泵__温度_通道6_反馈,2025-02-28 03:48:45,0,192,20.1
_二期_供水泵房_5#加压泵__温度_通道6_反馈,2025-02-28 03:48:46,0,192,20.1
_二期_供水泵房_5#加压泵__温度_通道6_反馈,2025-02-28 03:48:47,0,192,20.1
_二期_供水泵房_5#加压泵__温度_通道6_反馈,2025-02-28 03:48:48,0,192,20.1
_二期_供水泵房_5#加压泵__温度_通道6_反馈,2025-02-28 03:48:49,0,192,20.1
_二期_供水泵房_5#加压泵__温度_通道6_反馈,2025-02-28 03:48:50,0,192,20.1
_二期_供水泵房_5#加压泵__温度_通道6_反馈,2025-02-28 03:48:51,0,192,20.1
_二期_供水泵房_5#加压泵__温度_通道6_反馈,2025-02-28 03:48:52,0,192,20.1
_二期_供水泵房_5#加压泵__温度_通道6_反馈,2025-02-28 03:48:53,0,192,20.1
_二期_供水泵房_5#加压泵__温度_通道6_反馈,2025-02-28 03:48:54,0,192,20.1
_二期_供水泵房_5#加压泵__温度_通道6_反馈,2025-02-28 03:48:55,0,192,20.1
_二期_供水泵房_5#加压泵__温度_通道6_反馈,2025-02-28 03:48:56,0,192,20.1
_二期_供水泵房_5#加压泵__温度_通道6_反馈,2025-02-28 03:48:57,0,192,20.1
_二期_供水泵房_5#加压泵__温度_通道6_反馈,2025-02-28 03:48:58,0,192,20.1
_二期_供水泵房_5#加压泵__温度_通道6_反馈,2025-02-28 03:48:59,0,192,20.1
_二期_供水泵房_5#加压泵__温度_通道6_反馈,2025-02-28 03:49:00,0,192,20.1
_二期_供水泵房_5#加压泵__温度_通道6_反馈,2025-02-28 03:49:01,0,192,20.1
_二期_供水泵房_5#加压泵__温度_通道6_反馈,2025-02-28 03:49:02,0,192,20.1
_二期_供水泵房_5#加压泵__温度_通道6_反馈,2025-02-28 03:49:03,0,192,20.1
_二期_供水泵房_5#加压泵__温度_通道6_反馈,2025-02-28 03:49:04,0,192,20.1
_二期_供水泵房_5#加压泵__温度_通道6_反馈,2025-02-28 03:49:05,0,192,20.1
_二期_供水泵房_5#加压泵__温度_通道6_反馈,2025-02-28 03:49:06,0,192,20.1
_二期_供水泵房_5#加压泵__温度_通道6_反馈,2025-02-28 03:49:07,0,192,20.1
_二期_供水泵房_5#加压泵__温度_通道6_反馈,2025-02-28 03:49:08,0,192,20.1
_二期_供水泵房_5#加压泵__温度_通道6_反馈,2025-02-28 03:49:09,0,192,20.1
_二期_供水泵房_5#加压泵__温度_通道6_反馈,2025-02-28 03:49:10,0,192,20.1
_二期_供水泵房_5#加压泵__温度_通道6_反馈,2025-02-28 03:49:11,0,192,20.1
_二期_供水泵房_5#加压泵__温度_通道6_反馈,2025-02-28 03:49:12,0,192,20.1
_二期_供水泵房_5#加压泵__温度_通道6_反馈,2025-02-28 03:49:13,0,192,20.1
_二期_供水泵房_5#加压泵__温度_通道6_反馈,2025-02-28 03:49:14,0,192,20.1
_二期_供水泵房_5#加压泵__温度_通道6_反馈,2025-02-28 03:49:15,0,192,20.1
_二期_供水泵房_5#加压泵__温度_通道6_反馈,2025-02-28 03:49:16,0,192,20.1
_二期_供水泵房_5#加压泵__温度_通道6_反馈,2025-02-28 03:49:17,0,192,20.1
_二期_供水泵房_5#加压泵__温度_通道6_反馈,2025-02-28 03:49:18,0,192,20.1
_二期_供水泵房_5#加压泵__温度_通道6_反馈,2025-02-28 03:49:19,0,192,20.1
_二期_供水泵房_5#加压泵__温度_通道6_反馈,2025-02-28 03:49:20,0,192,20.1
_二期_供水泵房_5#加压泵__温度_通道6_反馈,2025-02-28 03:49:21,0,192,20.1
_二期_供水泵房_5#加压泵__温度_通道6_反馈,2025-02-28 03:49:22,0,192,20.1
_二期_供水泵房_5#加压泵__温度_通道6_反馈,2025-02-28 03:49:23,0,192,20.1
_二期_供水泵房_5#加压泵__温度_通道6_反馈,2025-02-28 03:49:24,0,192,20.1
_二期_供水泵房_5#加压泵__温度_通道6_反馈,2025-02-28 03:49:25,0,192,20.1
_二期_供水泵房_5#加压泵__温度_通道6_反馈,2025-02-28 03:49:26,0,192,20.1
_二期_供水泵房_5#加压泵__温度_通道6_反馈,2025-02-28 03:49:27,0,192,20.1
_二期_供水泵房_5#加压泵__温度_通道6_反馈,2025-02-28 03:49:28,0,192,20.1
_二期_供水泵房_5#加压泵__温度_通道6_反馈,2025-02-28 03:49:29,0,192,20.1
_二期_供水泵房_5#加压泵__温度_通道6_反馈,2025-02-28 03:49:30,0,192,20.1
_二期_供水泵房_5#加压泵__温度_通道6_反馈,2025-02-28 03:49:31,0,192,20.1
_二期_供水泵房_5#加压泵__温度_通道6_反馈,2025-02-28 03:49:32,0,192,20.1
_二期_供水泵房_5#加压泵__温度_通道6_反馈,2025-02-28 03:49:33,0,192,20.1
_二期_供水泵房_5#加压泵__温度_通道6_反馈,2025-02-28 03:49:34,0,192,20.1
_二期_供水泵房_5#加压泵__温度_通道6_反馈,2025-02-28 03:49:35,0,192,20.1
_二期_供水泵房_5#加压泵__温度_通道6_反馈,2025-02-28 03:49:36,0,192,20.1
_二期_供水泵房_5#加压泵__温度_通道6_反馈,2025-02-28 03:49:37,0,192,20.1
_二期_供水泵房_5#加压泵__温度_通道6_反馈,2025-02-28 03:49:38,0,192,20.1
_二期_供水泵房_5#加压泵__温度_通道6_反馈,2025-02-28 03:49:39,0,192,20.1
_二期_供水泵房_5#加压泵__温度_通道6_反馈,2025-02-28 03:49:40,0,192,20.1
_二期_供水泵房_5#加压泵__温度_通道6_反馈,2025-02-28 03:49:41,0,192,20.1
_二期_供水泵房_5#加压泵__温度_通道6_反馈,2025-02-28 03:49:42,0,192,20.1
_二期_供水泵房_5#加压泵__温度_通道6_反馈,2025-02-28 03:49:43,0,192,20.1
_二期_供水泵房_5#加压泵__温度_通道6_反馈,2025-02-28 03:49:44,0,192,20.1
_二期_供水泵房_5#加压泵__温度_通道6_反馈,2025-02-28 03:49:45,0,192,20.1
_二期_供水泵房_5#加压泵__温度_通道6_反馈,2025-02-28 03:49:46,0,192,20.1
_二期_供水泵房_5#加压泵__温度_通道6_反馈,2025-02-28 03:49:47,0,192,20.1
_二期_供水泵房_5#加压泵__温度_通道6_反馈,2025-02-28 03:49:48,0,192,20.1
_二期_供水泵房_5#加压泵__温度_通道6_反馈,2025-02-28 03:49:49,0,192,20.1
_二期_供水泵房_5#加压泵__温度_通道6_反馈,2025-02-28 03:49:50,0,192,20.1
_二期_供水泵房_5#加压泵__温度_通道6_反馈,2025-02-28 03:49:51,0,192,20.1
_二期_供水泵房_5#加压泵__温度_通道6_反馈,2025-02-28 03:49:52,0,192,20.1
_二期_供水泵房_5#加压泵__温度_通道6_反馈,2025-02-28 03:49:53,0,192,20.1
_二期_供水泵房_5#加压泵__温度_通道6_反馈,2025-02-28 03:49:54,0,192,20.1
_二期_供水泵房_5#加压泵__温度_通道6_反馈,2025-02-28 03:49:55,0,192,20.1
_二期_供水泵房_5#加压泵__温度_通道6_反馈,2025-02-28 03:49:56,0,192,20.1
_二期_供水泵房_5#加压泵__温度_通道6_反馈,2025-02-28 03:49:57,0,192,20.1
_二期_供水泵房_5#加压泵__温度_通道6_反馈,2025-02-28 03:49:58,0,192,20.1
_二期_供水泵房_5#加压泵__温度_通道6_反馈,2025-02-28 03:49:59,0,192,20.1
_二期_供水泵房_5#加压泵__温度_通道6_反馈,2025-02-28 03:50:00,0,192,20.1
_二期_供水泵房_5#加压泵__温度_通道6_反馈,2025-02-28 03:50:01,0,192,20.1
_二期_供水泵房_5#加压泵__温度_通道6_反馈,2025-02-28 03:50:02,0,192,20.1
_二期_供水泵房_5#加压泵__温度_通道6_反馈,2025-02-28 03:50:03,0,192,20.1
_二期_供水泵房_5#加压泵__温度_通道6_反馈,2025-02-28 03:50:04,0,192,20.1
_二期_供水泵房_5#加压泵__温度_通道6_反馈,2025-02-28 03:50:05,0,192,20.1
_二期_供水泵房_5#加压泵__温度_通道6_反馈,2025-02-28 03:50:06,0,192,20.1
_二期_供水泵房_5#加压泵__温度_通道6_反馈,2025-02-28 03:50:07,0,192,20.1
_二期_供水泵房_5#加压泵__温度_通道6_反馈,2025-02-28 03:50:08,0,192,20.1
_二期_供水泵房_5#加压泵__温度_通道6_反馈,2025-02-28 03:50:09,0,192,20.1
_二期_供水泵房_5#加压泵__温度_通道6_反馈,2025-02-28 03:50:10,0,192,20.1
_二期_供水泵房_5#加压泵__温度_通道6_反馈,2025-02-28 03:50:11,0,192,20.1
_二期_供水泵房_5#加压泵__温度_通道6_反馈,2025-02-28 03:50:12,0,192,20.1
_二期_供水泵房_5#加压泵__温度_通道6_反馈,2025-02-28 03:50:13,0,192,20.1
_二期_供水泵房_5#加压泵__温度_通道6_反馈,2025-02-28 03:50:14,0,192,20.1
_二期_供水泵房_5#加压泵__温度_通道6_反馈,2025-02-28 03:50:15,0,192,20.1
_二期_供水泵房_5#加压泵__温度_通道6_反馈,2025-02-28 03:50:16,0,192,20.1
_二期_供水泵房_5#加压泵__温度_通道6_反馈,2025-02-28 03:50:17,0,192,20.1
_二期_供水泵房_5#加压泵__温度_通道6_反馈,2025-02-28 03:50:18,0,192,20.1
_二期_供水泵房_5#加压泵__温度_通道6_反馈,2025-02-28 03:50:19,0,192,20.1
_二期_供水泵房_5#加压泵__温度_通道6_反馈,2025-02-28 03:50:20,0,192,20.1
_二期_供水泵房_5#加压泵__温度_通道6_反馈,2025-02-28 03:50:21,0,192,20.1
_二期_供水泵房_5#加压泵__温度_通道6_反馈,2025-02-28 03:50:22,0,192,20.1
_二期_供水泵房_5#加压泵__温度_通道6_反馈,2025-02-28 03:50:23,0,192,20.1
_二期_供水泵房_5#加压泵__温度_通道6_反馈,2025-02-28 03:50:24,0,192,20.1
_二期_供水泵房_5#加压泵__温度_通道6_反馈,2025-02-28 03:50:25,0,192,20.1
_二期_供水泵房_5#加压泵__温度_通道6_反馈,2025-02-28 03:50:26,0,192,20.1
_二期_供水泵房_5#加压泵__温度_通道6_反馈,2025-02-28 03:50:27,0,192,20.1
_二期_供水泵房_5#加压泵__温度_通道6_反馈,2025-02-28 03:50:28,0,192,20.1
_二期_供水泵房_5#加压泵__温度_通道6_反馈,2025-02-28 03:50:29,0,192,20.1
_二期_供水泵房_5#加压泵__温度_通道6_反馈,2025-02-28 03:50:30,0,192,20.1
_二期_供水泵房_5#加压泵__温度_通道6_反馈,2025-02-28 03:50:31,0,192,20.1
_二期_供水泵房_5#加压泵__温度_通道6_反馈,2025-02-28 03:50:32,0,192,20.1
_二期_供水泵房_5#加压泵__温度_通道6_反馈,2025-02-28 03:50:33,0,192,20.1
_二期_供水泵房_5#加压泵__温度_通道6_反馈,2025-02-28 03:50:34,0,192,20.1
_二期_供水泵房_5#加压泵__温度_通道6_反馈,2025-02-28 03:50:35,0,192,20.1
_二期_供水泵房_5#加压泵__温度_通道6_反馈,2025-02-28 03:50:36,0,192,20.1
_二期_供水泵房_5#加压泵__温度_通道6_反馈,2025-02-28 03:50:37,0,192,20.1
_二期_供水泵房_5#加压泵__温度_通道6_反馈,2025-02-28 03:50:38,0,192,20.1
_二期_供水泵房_5#加压泵__温度_通道6_反馈,2025-02-28 03:50:39,0,192,20.1
_二期_供水泵房_5#加压泵__温度_通道6_反馈,2025-02-28 03:50:40,0,192,20.1
_二期_供水泵房_5#加压泵__温度_通道6_反馈,2025-02-28 03:50:41,0,192,20.1
_二期_供水泵房_5#加压泵__温度_通道6_反馈,2025-02-28 03:50:42,0,192,20.1
_二期_供水泵房_5#加压泵__温度_通道6_反馈,2025-02-28 03:50:43,0,192,20.1
_二期_供水泵房_5#加压泵__温度_通道6_反馈,2025-02-28 03:50:44,0,192,20.1
_二期_供水泵房_5#加压泵__温度_通道6_反馈,2025-02-28 03:50:45,0,192,20.1
_二期_供水泵房_5#加压泵__温度_通道6_反馈,2025-02-28 03:50:46,0,192,20.1
_二期_供水泵房_5#加压泵__温度_通道6_反馈,2025-02-28 03:50:47,0,192,20.1
_二期_供水泵房_5#加压泵__温度_通道6_反馈,2025-02-28 03:50:48,0,192,20.1
_二期_供水泵房_5#加压泵__温度_通道6_反馈,2025-02-28 03:50:49,0,192,20.1
_二期_供水泵房_5#加压泵__温度_通道6_反馈,2025-02-28 03:50:50,0,192,20.1
_二期_供水泵房_5#加压泵__温度_通道6_反馈,2025-02-28 03:50:51,0,192,20.1
_二期_供水泵房_5#加压泵__温度_通道6_反馈,2025-02-28 03:50:52,0,192,20.1
_二期_供水泵房_5#加压泵__温度_通道6_反馈,2025-02-28 03:50:53,0,192,20.1
_二期_供水泵房_5#加压泵__温度_通道6_反馈,2025-02-28 03:50:54,0,192,20.1
_二期_供水泵房_5#加压泵__温度_通道6_反馈,2025-02-28 03:50:55,0,192,20.1
_二期_供水泵房_5#加压泵__温度_通道6_反馈,2025-02-28 03:50:56,0,192,20.1
_二期_供水泵房_5#加压泵__温度_通道6_反馈,2025-02-28 03:50:57,0,192,20.1
_二期_供水泵房_5#加压泵__温度_通道6_反馈,2025-02-28 03:50:58,0,192,20.1
_二期_供水泵房_5#加压泵__温度_通道6_反馈,2025-02-28 03:50:59,0,192,20.1
_二期_供水泵房_5#加压泵__温度_通道6_反馈,2025-02-28 03:51:00,0,192,20.1
_二期_供水泵房_5#加压泵__温度_通道6_反馈,2025-02-28 03:51:01,0,192,20.1
_二期_供水泵房_5#加压泵__温度_通道6_反馈,2025-02-28 03:51:02,0,192,20.1
_二期_供水泵房_5#加压泵__温度_通道6_反馈,2025-02-28 03:51:03,0,192,20.1
_二期_供水泵房_5#加压泵__温度_通道6_反馈,2025-02-28 03:51:04,0,192,20.1
_二期_供水泵房_5#加压泵__温度_通道6_反馈,2025-02-28 03:51:05,0,192,20.1
_二期_供水泵房_5#加压泵__温度_通道6_反馈,2025-02-28 03:51:06,0,192,20.1
_二期_供水泵房_5#加压泵__温度_通道6_反馈,2025-02-28 03:51:07,0,192,20.1
_二期_供水泵房_5#加压泵__温度_通道6_反馈,2025-02-28 03:51:08,0,192,20.1
_二期_供水泵房_5#加压泵__温度_通道6_反馈,2025-02-28 03:51:09,0,192,20.1
_二期_供水泵房_5#加压泵__温度_通道6_反馈,2025-02-28 03:51:10,0,192,20.1
_二期_供水泵房_5#加压泵__温度_通道6_反馈,2025-02-28 03:51:11,0,192,20.1
_二期_供水泵房_5#加压泵__温度_通道6_反馈,2025-02-28 03:51:12,0,192,20.1
_二期_供水泵房_5#加压泵__温度_通道6_反馈,2025-02-28 03:51:13,0,192,20.1
_二期_供水泵房_5#加压泵__温度_通道6_反馈,2025-02-28 03:51:14,0,192,20.1
_二期_供水泵房_5#加压泵__温度_通道6_反馈,2025-02-28 03:51:15,0,192,20.1
_二期_供水泵房_5#加压泵__温度_通道6_反馈,2025-02-28 03:51:16,0,192,20.1
_二期_供水泵房_5#加压泵__温度_通道6_反馈,2025-02-28 03:51:17,0,192,20.1
_二期_供水泵房_5#加压泵__温度_通道6_反馈,2025-02-28 03:51:18,0,192,20.1
_二期_供水泵房_5#加压泵__温度_通道6_反馈,2025-02-28 03:51:19,0,192,20.1
_二期_供水泵房_5#加压泵__温度_通道6_反馈,2025-02-28 03:51:20,0,192,20.1
_二期_供水泵房_5#加压泵__温度_通道6_反馈,2025-02-28 03:51:21,0,192,20.1
_二期_供水泵房_5#加压泵__温度_通道6_反馈,2025-02-28 03:51:22,0,192,20.1
_二期_供水泵房_5#加压泵__温度_通道6_反馈,2025-02-28 03:51:23,0,192,20.1
_二期_供水泵房_5#加压泵__温度_通道6_反馈,2025-02-28 03:51:24,0,192,20.1
_二期_供水泵房_5#加压泵__温度_通道6_反馈,2025-02-28 03:51:25,0,192,20.1
_二期_供水泵房_5#加压泵__温度_通道6_反馈,2025-02-28 03:51:26,0,192,20.1
_二期_供水泵房_5#加压泵__温度_通道6_反馈,2025-02-28 03:51:27,0,192,20.1
_二期_供水泵房_5#加压泵__温度_通道6_反馈,2025-02-28 03:51:28,0,192,20.1
_二期_供水泵房_5#加压泵__温度_通道6_反馈,2025-02-28 03:51:29,0,192,20.1
_二期_供水泵房_5#加压泵__温度_通道6_反馈,2025-02-28 03:51:30,0,192,20.1
_二期_供水泵房_5#加压泵__温度_通道6_反馈,2025-02-28 03:51:31,0,192,20.1
_二期_供水泵房_5#加压泵__温度_通道6_反馈,2025-02-28 03:51:32,0,192,20.1
_二期_供水泵房_5#加压泵__温度_通道6_反馈,2025-02-28 03:51:33,0,192,20.1
_二期_供水泵房_5#加压泵__温度_通道6_反馈,2025-02-28 03:51:34,0,192,20.1
_二期_供水泵房_5#加压泵__温度_通道6_反馈,2025-02-28 03:51:35,0,192,20.1
_二期_供水泵房_5#加压泵__温度_通道6_反馈,2025-02-28 03:51:36,0,192,20.1
_二期_供水泵房_5#加压泵__温度_通道6_反馈,2025-02-28 03:51:37,0,192,20.1
_二期_供水泵房_5#加压泵__温度_通道6_反馈,2025-02-28 03:51:38,0,192,20.1
_二期_供水泵房_5#加压泵__温度_通道6_反馈,2025-02-28 03:51:39,0,192,20.1
_二期_供水泵房_5#加压泵__温度_通道6_反馈,2025-02-28 03:51:40,0,192,20.1
_二期_供水泵房_5#加压泵__温度_通道6_反馈,2025-02-28 03:51:41,0,192,20.1
_二期_供水泵房_5#加压泵__温度_通道6_反馈,2025-02-28 03:51:42,0,192,20.1
_二期_供水泵房_5#加压泵__温度_通道6_反馈,2025-02-28 03:51:43,0,192,20.1
_二期_供水泵房_5#加压泵__温度_通道6_反馈,2025-02-28 03:51:44,0,192,20.1
_二期_供水泵房_5#加压泵__温度_通道6_反馈,2025-02-28 03:51:45,0,192,20.1
_二期_供水泵房_5#加压泵__温度_通道6_反馈,2025-02-28 03:51:46,0,192,20.1
_二期_供水泵房_5#加压泵__温度_通道6_反馈,2025-02-28 03:51:47,0,192,20.1
_二期_供水泵房_5#加压泵__温度_通道6_反馈,2025-02-28 03:51:48,0,192,20.1
_二期_供水泵房_5#加压泵__温度_通道6_反馈,2025-02-28 03:51:49,0,192,20.1
_二期_供水泵房_5#加压泵__温度_通道6_反馈,2025-02-28 03:51:50,0,192,20.1
_二期_供水泵房_5#加压泵__温度_通道6_反馈,2025-02-28 03:51:51,0,192,20.1
_二期_供水泵房_5#加压泵__温度_通道6_反馈,2025-02-28 03:51:52,0,192,20.1
_二期_供水泵房_5#加压泵__温度_通道6_反馈,2025-02-28 03:51:53,0,192,20.1
_二期_供水泵房_5#加压泵__温度_通道6_反馈,2025-02-28 03:51:54,0,192,20.1
_二期_供水泵房_5#加压泵__温度_通道6_反馈,2025-02-28 03:51:55,0,192,20.1
_二期_供水泵房_5#加压泵__温度_通道6_反馈,2025-02-28 03:51:56,0,192,20.1
_二期_供水泵房_5#加压泵__温度_通道6_反馈,2025-02-28 03:51:57,0,192,20.1
_二期_供水泵房_5#加压泵__温度_通道6_反馈,2025-02-28 03:51:58,0,192,20.1
_二期_供水泵房_5#加压泵__温度_通道6_反馈,2025-02-28 03:51:59,0,192,20.1
_二期_供水泵房_5#加压泵__温度_通道6_反馈,2025-02-28 03:52:00,0,192,20.1
_二期_供水泵房_5#加压泵__温度_通道6_反馈,2025-02-28 03:52:01,0,192,20.1
_二期_供水泵房_5#加压泵__温度_通道6_反馈,2025-02-28 03:52:02,0,192,20.1
_二期_供水泵房_5#加压泵__温度_通道6_反馈,2025-02-28 03:52:03,0,192,20.1
_二期_供水泵房_5#加压泵__温度_通道6_反馈,2025-02-28 03:52:04,0,192,20.1
_二期_供水泵房_5#加压泵__温度_通道6_反馈,2025-02-28 03:52:05,0,192,20.1
_二期_供水泵房_5#加压泵__温度_通道6_反馈,2025-02-28 03:52:06,0,192,20.1
_二期_供水泵房_5#加压泵__温度_通道6_反馈,2025-02-28 03:52:07,0,192,20.1
_二期_供水泵房_5#加压泵__温度_通道6_反馈,2025-02-28 03:52:08,0,192,20.1
_二期_供水泵房_5#加压泵__温度_通道6_反馈,2025-02-28 03:52:09,0,192,20.1
_二期_供水泵房_5#加压泵__温度_通道6_反馈,2025-02-28 03:52:10,0,192,20.1
_二期_供水泵房_5#加压泵__温度_通道6_反馈,2025-02-28 03:52:11,0,192,20.1
_二期_供水泵房_5#加压泵__温度_通道6_反馈,2025-02-28 03:52:12,0,192,20.1
_二期_供水泵房_5#加压泵__温度_通道6_反馈,2025-02-28 03:52:13,0,192,20.1
_二期_供水泵房_5#加压泵__温度_通道6_反馈,2025-02-28 03:52:14,0,192,20.1
_二期_供水泵房_5#加压泵__温度_通道6_反馈,2025-02-28 03:52:15,0,192,20.1
_二期_供水泵房_5#加压泵__温度_通道6_反馈,2025-02-28 03:52:16,0,192,20.1
_二期_供水泵房_5#加压泵__温度_通道6_反馈,2025-02-28 03:52:17,0,192,20.1
_二期_供水泵房_5#加压泵__温度_通道6_反馈,2025-02-28 03:52:18,0,192,20.1
_二期_供水泵房_5#加压泵__温度_通道6_反馈,2025-02-28 03:52:19,0,192,20.1
_二期_供水泵房_5#加压泵__温度_通道6_反馈,2025-02-28 03:52:20,0,192,20.1
_二期_供水泵房_5#加压泵__温度_通道6_反馈,2025-02-28 03:52:21,0,192,20.1
_二期_供水泵房_5#加压泵__温度_通道6_反馈,2025-02-28 03:52:22,0,192,20.1
_二期_供水泵房_5#加压泵__温度_通道6_反馈,2025-02-28 03:52:23,0,192,20.1
_二期_供水泵房_5#加压泵__温度_通道6_反馈,2025-02-28 03:52:24,0,192,20.1
_二期_供水泵房_5#加压泵__温度_通道6_反馈,2025-02-28 03:52:25,0,192,20.1
_二期_供水泵房_5#加压泵__温度_通道6_反馈,2025-02-28 03:52:26,0,192,20.1
_二期_供水泵房_5#加压泵__温度_通道6_反馈,2025-02-28 03:52:27,0,192,20.1
_二期_供水泵房_5#加压泵__温度_通道6_反馈,2025-02-28 03:52:28,0,192,20.1
_二期_供水泵房_5#加压泵__温度_通道6_反馈,2025-02-28 03:52:29,0,192,20.1
_二期_供水泵房_5#加压泵__温度_通道6_反馈,2025-02-28 03:52:30,0,192,20.1
_二期_供水泵房_5#加压泵__温度_通道6_反馈,2025-02-28 03:52:31,0,192,20.1
_二期_供水泵房_5#加压泵__温度_通道6_反馈,2025-02-28 03:52:32,0,192,20.1
_二期_供水泵房_5#加压泵__温度_通道6_反馈,2025-02-28 03:52:33,0,192,20.1
_二期_供水泵房_5#加压泵__温度_通道6_反馈,2025-02-28 03:52:34,0,192,20.1
_二期_供水泵房_5#加压泵__温度_通道6_反馈,2025-02-28 03:52:35,0,192,20.1
_二期_供水泵房_5#加压泵__温度_通道6_反馈,2025-02-28 03:52:36,0,192,20.1
_二期_供水泵房_5#加压泵__温度_通道6_反馈,2025-02-28 03:52:37,0,192,20.1
_二期_供水泵房_5#加压泵__温度_通道6_反馈,2025-02-28 03:52:38,0,192,20.1
_二期_供水泵房_5#加压泵__温度_通道6_反馈,2025-02-28 03:52:39,0,192,20.1
_二期_供水泵房_5#加压泵__温度_通道6_反馈,2025-02-28 03:52:40,0,192,20.1
_二期_供水泵房_5#加压泵__温度_通道6_反馈,2025-02-28 03:52:41,0,192,20.1
_二期_供水泵房_5#加压泵__温度_通道6_反馈,2025-02-28 03:52:42,0,192,20.1
_二期_供水泵房_5#加压泵__温度_通道6_反馈,2025-02-28 03:52:43,0,192,20.1
_二期_供水泵房_5#加压泵__温度_通道6_反馈,2025-02-28 03:52:44,0,192,20.1
_二期_供水泵房_5#加压泵__温度_通道6_反馈,2025-02-28 03:52:45,0,192,20.1
_二期_供水泵房_5#加压泵__温度_通道6_反馈,2025-02-28 03:52:46,0,192,20.1
_二期_供水泵房_5#加压泵__温度_通道6_反馈,2025-02-28 03:52:47,0,192,20.1
_二期_供水泵房_5#加压泵__温度_通道6_反馈,2025-02-28 03:52:48,0,192,20.1
_二期_供水泵房_5#加压泵__温度_通道6_反馈,2025-02-28 03:52:49,0,192,20.1
_二期_供水泵房_5#加压泵__温度_通道6_反馈,2025-02-28 03:52:50,0,192,20.1
_二期_供水泵房_5#加压泵__温度_通道6_反馈,2025-02-28 03:52:51,0,192,20.1
_二期_供水泵房_5#加压泵__温度_通道6_反馈,2025-02-28 03:52:52,0,192,20.1
_二期_供水泵房_5#加压泵__温度_通道6_反馈,2025-02-28 03:52:53,0,192,20.1
_二期_供水泵房_5#加压泵__温度_通道6_反馈,2025-02-28 03:52:54,0,192,20.1
_二期_供水泵房_5#加压泵__温度_通道6_反馈,2025-02-28 03:52:55,0,192,20.1
_二期_供水泵房_5#加压泵__温度_通道6_反馈,2025-02-28 03:52:56,0,192,20.1
_二期_供水泵房_5#加压泵__温度_通道6_反馈,2025-02-28 03:52:57,0,192,20.1
_二期_供水泵房_5#加压泵__温度_通道6_反馈,2025-02-28 03:52:58,0,192,20.1
_二期_供水泵房_5#加压泵__温度_通道6_反馈,2025-02-28 03:52:59,0,192,20.1
_二期_供水泵房_5#加压泵__温度_通道6_反馈,2025-02-28 03:53:00,0,192,20.1
_二期_供水泵房_5#加压泵__温度_通道6_反馈,2025-02-28 03:53:01,0,192,20.1
_二期_供水泵房_5#加压泵__温度_通道6_反馈,2025-02-28 03:53:02,0,192,20.1
_二期_供水泵房_5#加压泵__温度_通道6_反馈,2025-02-28 03:53:03,0,192,20.1
_二期_供水泵房_5#加压泵__温度_通道6_反馈,2025-02-28 03:53:04,0,192,20.1
_二期_供水泵房_5#加压泵__温度_通道6_反馈,2025-02-28 03:53:05,0,192,20.1
_二期_供水泵房_5#加压泵__温度_通道6_反馈,2025-02-28 03:53:06,0,192,20.1
_二期_供水泵房_5#加压泵__温度_通道6_反馈,2025-02-28 03:53:07,0,192,20.1
_二期_供水泵房_5#加压泵__温度_通道6_反馈,2025-02-28 03:53:08,0,192,20.1
_二期_供水泵房_5#加压泵__温度_通道6_反馈,2025-02-28 03:53:09,0,192,20.1
_二期_供水泵房_5#加压泵__温度_通道6_反馈,2025-02-28 03:53:10,0,192,20.1
_二期_供水泵房_5#加压泵__温度_通道6_反馈,2025-02-28 03:53:11,0,192,20.1
_二期_供水泵房_5#加压泵__温度_通道6_反馈,2025-02-28 03:53:12,0,192,20.1
_二期_供水泵房_5#加压泵__温度_通道6_反馈,2025-02-28 03:53:13,0,192,20.1
_二期_供水泵房_5#加压泵__温度_通道6_反馈,2025-02-28 03:53:14,0,192,20.1
_二期_供水泵房_5#加压泵__温度_通道6_反馈,2025-02-28 03:53:15,0,192,20.1
_二期_供水泵房_5#加压泵__温度_通道6_反馈,2025-02-28 03:53:16,0,192,20.1
_二期_供水泵房_5#加压泵__温度_通道6_反馈,2025-02-28 03:53:17,0,192,20.1
_二期_供水泵房_5#加压泵__温度_通道6_反馈,2025-02-28 03:53:18,0,192,20.1
_二期_供水泵房_5#加压泵__温度_通道6_反馈,2025-02-28 03:53:19,0,192,20.1
_二期_供水泵房_5#加压泵__温度_通道6_反馈,2025-02-28 03:53:20,0,192,20.1
_二期_供水泵房_5#加压泵__温度_通道6_反馈,2025-02-28 03:53:21,0,192,20.1
_二期_供水泵房_5#加压泵__温度_通道6_反馈,2025-02-28 03:53:22,0,192,20.1
_二期_供水泵房_5#加压泵__温度_通道6_反馈,2025-02-28 03:53:23,0,192,20.1
_二期_供水泵房_5#加压泵__温度_通道6_反馈,2025-02-28 03:53:24,0,192,20.1
_二期_供水泵房_5#加压泵__温度_通道6_反馈,2025-02-28 03:53:25,0,192,20.1
_二期_供水泵房_5#加压泵__温度_通道6_反馈,2025-02-28 03:53:26,0,192,20.1
_二期_供水泵房_5#加压泵__温度_通道6_反馈,2025-02-28 03:53:27,0,192,20.1
_二期_供水泵房_5#加压泵__温度_通道6_反馈,2025-02-28 03:53:28,0,192,20.1
_二期_供水泵房_5#加压泵__温度_通道6_反馈,2025-02-28 03:53:29,0,192,20.1
_二期_供水泵房_5#加压泵__温度_通道6_反馈,2025-02-28 03:53:30,0,192,20.1
_二期_供水泵房_5#加压泵__温度_通道6_反馈,2025-02-28 03:53:31,0,192,20.1
_二期_供水泵房_5#加压泵__温度_通道6_反馈,2025-02-28 03:53:32,0,192,20.1
_二期_供水泵房_5#加压泵__温度_通道6_反馈,2025-02-28 03:53:33,0,192,20.1
_二期_供水泵房_5#加压泵__温度_通道6_反馈,2025-02-28 03:53:34,0,192,20.1
_二期_供水泵房_5#加压泵__温度_通道6_反馈,2025-02-28 03:53:35,0,192,20.1
_二期_供水泵房_5#加压泵__温度_通道6_反馈,2025-02-28 03:53:36,0,192,20.1
_二期_供水泵房_5#加压泵__温度_通道6_反馈,2025-02-28 03:53:37,0,192,20.1
_二期_供水泵房_5#加压泵__温度_通道6_反馈,2025-02-28 03:53:38,0,192,20.1
_二期_供水泵房_5#加压泵__温度_通道6_反馈,2025-02-28 03:53:39,0,192,20.1
_二期_供水泵房_5#加压泵__温度_通道6_反馈,2025-02-28 03:53:40,0,192,20.1
_二期_供水泵房_5#加压泵__温度_通道6_反馈,2025-02-28 03:53:41,0,192,20.1
_二期_供水泵房_5#加压泵__温度_通道6_反馈,2025-02-28 03:53:42,0,192,20.1
_二期_供水泵房_5#加压泵__温度_通道6_反馈,2025-02-28 03:53:43,0,192,20.1
_二期_供水泵房_5#加压泵__温度_通道6_反馈,2025-02-28 03:53:44,0,192,20.1
_二期_供水泵房_5#加压泵__温度_通道6_反馈,2025-02-28 03:53:45,0,192,20.1
_二期_供水泵房_5#加压泵__温度_通道6_反馈,2025-02-28 03:53:46,0,192,20.1
_二期_供水泵房_5#加压泵__温度_通道6_反馈,2025-02-28 03:53:47,0,192,20.1
_二期_供水泵房_5#加压泵__温度_通道6_反馈,2025-02-28 03:53:48,0,192,20.1
_二期_供水泵房_5#加压泵__温度_通道6_反馈,2025-02-28 03:53:49,0,192,20.1
_二期_供水泵房_5#加压泵__温度_通道6_反馈,2025-02-28 03:53:50,0,192,20.1
_二期_供水泵房_5#加压泵__温度_通道6_反馈,2025-02-28 03:53:51,0,192,20.1
_二期_供水泵房_5#加压泵__温度_通道6_反馈,2025-02-28 03:53:52,0,192,20.1
_二期_供水泵房_5#加压泵__温度_通道6_反馈,2025-02-28 03:53:53,0,192,20.1
_二期_供水泵房_5#加压泵__温度_通道6_反馈,2025-02-28 03:53:54,0,192,20.1
_二期_供水泵房_5#加压泵__温度_通道6_反馈,2025-02-28 03:53:55,0,192,20.1
_二期_供水泵房_5#加压泵__温度_通道6_反馈,2025-02-28 03:53:56,0,192,20.1
_二期_供水泵房_5#加压泵__温度_通道6_反馈,2025-02-28 03:53:57,0,192,20.1
_二期_供水泵房_5#加压泵__温度_通道6_反馈,2025-02-28 03:53:58,0,192,20.1
_二期_供水泵房_5#加压泵__温度_通道6_反馈,2025-02-28 03:53:59,0,192,20.1
_二期_供水泵房_5#加压泵__温度_通道6_反馈,2025-02-28 03:54:00,0,192,20.1
_二期_供水泵房_5#加压泵__温度_通道6_反馈,2025-02-28 03:54:01,0,192,20.1
_二期_供水泵房_5#加压泵__温度_通道6_反馈,2025-02-28 03:54:02,0,192,20.1
_二期_供水泵房_5#加压泵__温度_通道6_反馈,2025-02-28 03:54:03,0,192,20.1
_二期_供水泵房_5#加压泵__温度_通道6_反馈,2025-02-28 03:54:04,0,192,20.1
_二期_供水泵房_5#加压泵__温度_通道6_反馈,2025-02-28 03:54:05,0,192,20.1
_二期_供水泵房_5#加压泵__温度_通道6_反馈,2025-02-28 03:54:06,0,192,20.1
_二期_供水泵房_5#加压泵__温度_通道6_反馈,2025-02-28 03:54:07,0,192,20.1
_二期_供水泵房_5#加压泵__温度_通道6_反馈,2025-02-28 03:54:08,0,192,20.1
_二期_供水泵房_5#加压泵__温度_通道6_反馈,2025-02-28 03:54:09,0,192,20.1
_二期_供水泵房_5#加压泵__温度_通道6_反馈,2025-02-28 03:54:10,0,192,20.1
_二期_供水泵房_5#加压泵__温度_通道6_反馈,2025-02-28 03:54:11,0,192,20.1
_二期_供水泵房_5#加压泵__温度_通道6_反馈,2025-02-28 03:54:12,0,192,20.1
_二期_供水泵房_5#加压泵__温度_通道6_反馈,2025-02-28 03:54:13,0,192,20.1
_二期_供水泵房_5#加压泵__温度_通道6_反馈,2025-02-28 03:54:14,0,192,20.1
_二期_供水泵房_5#加压泵__温度_通道6_反馈,2025-02-28 03:54:15,0,192,20.1
_二期_供水泵房_5#加压泵__温度_通道6_反馈,2025-02-28 03:54:16,0,192,20.1
_二期_供水泵房_5#加压泵__温度_通道6_反馈,2025-02-28 03:54:17,0,192,20.1
_二期_供水泵房_5#加压泵__温度_通道6_反馈,2025-02-28 03:54:18,0,192,20.1
_二期_供水泵房_5#加压泵__温度_通道6_反馈,2025-02-28 03:54:19,0,192,20.1
_二期_供水泵房_5#加压泵__温度_通道6_反馈,2025-02-28 03:54:20,0,192,20.1
_二期_供水泵房_5#加压泵__温度_通道6_反馈,2025-02-28 03:54:21,0,192,20.1
_二期_供水泵房_5#加压泵__温度_通道6_反馈,2025-02-28 03:54:22,0,192,20.1
_二期_供水泵房_5#加压泵__温度_通道6_反馈,2025-02-28 03:54:23,0,192,20.1
_二期_供水泵房_5#加压泵__温度_通道6_反馈,2025-02-28 03:54:24,0,192,20.1
_二期_供水泵房_5#加压泵__温度_通道6_反馈,2025-02-28 03:54:25,0,192,20.1
_二期_供水泵房_5#加压泵__温度_通道6_反馈,2025-02-28 03:54:26,0,192,20.1
_二期_供水泵房_5#加压泵__温度_通道6_反馈,2025-02-28 03:54:27,0,192,20.1
_二期_供水泵房_5#加压泵__温度_通道6_反馈,2025-02-28 03:54:28,0,192,20.1
_二期_供水泵房_5#加压泵__温度_通道6_反馈,2025-02-28 03:54:29,0,192,20.1
_二期_供水泵房_5#加压泵__温度_通道6_反馈,2025-02-28 03:54:30,0,192,20.1
_二期_供水泵房_5#加压泵__温度_通道6_反馈,2025-02-28 03:54:31,0,192,20.1
_二期_供水泵房_5#加压泵__温度_通道6_反馈,2025-02-28 03:54:32,0,192,20.1
_二期_供水泵房_5#加压泵__温度_通道6_反馈,2025-02-28 03:54:33,0,192,20.1
_二期_供水泵房_5#加压泵__温度_通道6_反馈,2025-02-28 03:54:34,0,192,20.1
_二期_供水泵房_5#加压泵__温度_通道6_反馈,2025-02-28 03:54:35,0,192,20.1
_二期_供水泵房_5#加压泵__温度_通道6_反馈,2025-02-28 03:54:36,0,192,20.1
_二期_供水泵房_5#加压泵__温度_通道6_反馈,2025-02-28 03:54:37,0,192,20.1
_二期_供水泵房_5#加压泵__温度_通道6_反馈,2025-02-28 03:54:38,0,192,20.1
_二期_供水泵房_5#加压泵__温度_通道6_反馈,2025-02-28 03:54:39,0,192,20.1
_二期_供水泵房_5#加压泵__温度_通道6_反馈,2025-02-28 03:54:40,0,192,20.1
_二期_供水泵房_5#加压泵__温度_通道6_反馈,2025-02-28 03:54:41,0,192,20.1
_二期_供水泵房_5#加压泵__温度_通道6_反馈,2025-02-28 03:54:42,0,192,20.1
_二期_供水泵房_5#加压泵__温度_通道6_反馈,2025-02-28 03:54:43,0,192,20.1
_二期_供水泵房_5#加压泵__温度_通道6_反馈,2025-02-28 03:54:44,0,192,20.1
_二期_供水泵房_5#加压泵__温度_通道6_反馈,2025-02-28 03:54:45,0,192,20.1
_二期_供水泵房_5#加压泵__温度_通道6_反馈,2025-02-28 03:54:46,0,192,20.1
_二期_供水泵房_5#加压泵__温度_通道6_反馈,2025-02-28 03:54:47,0,192,20.1
_二期_供水泵房_5#加压泵__温度_通道6_反馈,2025-02-28 03:54:48,0,192,20.1
_二期_供水泵房_5#加压泵__温度_通道6_反馈,2025-02-28 03:54:49,0,192,20.1
_二期_供水泵房_5#加压泵__温度_通道6_反馈,2025-02-28 03:54:50,0,192,20.1
_二期_供水泵房_5#加压泵__温度_通道6_反馈,2025-02-28 03:54:51,0,192,20.1
_二期_供水泵房_5#加压泵__温度_通道6_反馈,2025-02-28 03:54:52,0,192,20.1
_二期_供水泵房_5#加压泵__温度_通道6_反馈,2025-02-28 03:54:53,0,192,20.1
_二期_供水泵房_5#加压泵__温度_通道6_反馈,2025-02-28 03:54:54,0,192,20.1
_二期_供水泵房_5#加压泵__温度_通道6_反馈,2025-02-28 03:54:55,0,192,20.1
_二期_供水泵房_5#加压泵__温度_通道6_反馈,2025-02-28 03:54:56,0,192,20.1
_二期_供水泵房_5#加压泵__温度_通道6_反馈,2025-02-28 03:54:57,0,192,20.1
_二期_供水泵房_5#加压泵__温度_通道6_反馈,2025-02-28 03:54:58,0,192,20.1
_二期_供水泵房_5#加压泵__温度_通道6_反馈,2025-02-28 03:54:59,0,192,20.1
_二期_供水泵房_5#加压泵__温度_通道6_反馈,2025-02-28 03:55:00,0,192,20.1
_二期_供水泵房_5#加压泵__温度_通道6_反馈,2025-02-28 03:55:01,0,192,20.1
_二期_供水泵房_5#加压泵__温度_通道6_反馈,2025-02-28 03:55:02,0,192,20.1
_二期_供水泵房_5#加压泵__温度_通道6_反馈,2025-02-28 03:55:03,0,192,20.1
_二期_供水泵房_5#加压泵__温度_通道6_反馈,2025-02-28 03:55:04,0,192,20.1
_二期_供水泵房_5#加压泵__温度_通道6_反馈,2025-02-28 03:55:05,0,192,20.1
_二期_供水泵房_5#加压泵__温度_通道6_反馈,2025-02-28 03:55:06,0,192,20.1
_二期_供水泵房_5#加压泵__温度_通道6_反馈,2025-02-28 03:55:07,0,192,20.1
_二期_供水泵房_5#加压泵__温度_通道6_反馈,2025-02-28 03:55:08,0,192,20.1
_二期_供水泵房_5#加压泵__温度_通道6_反馈,2025-02-28 03:55:09,0,192,20.1
_二期_供水泵房_5#加压泵__温度_通道6_反馈,2025-02-28 03:55:10,0,192,20.1
_二期_供水泵房_5#加压泵__温度_通道6_反馈,2025-02-28 03:55:11,0,192,20.1
_二期_供水泵房_5#加压泵__温度_通道6_反馈,2025-02-28 03:55:12,0,192,20.1
_二期_供水泵房_5#加压泵__温度_通道6_反馈,2025-02-28 03:55:13,0,192,20.1
_二期_供水泵房_5#加压泵__温度_通道6_反馈,2025-02-28 03:55:14,0,192,20.1
_二期_供水泵房_5#加压泵__温度_通道6_反馈,2025-02-28 03:55:15,0,192,20.1
_二期_供水泵房_5#加压泵__温度_通道6_反馈,2025-02-28 03:55:16,0,192,20.1
_二期_供水泵房_5#加压泵__温度_通道6_反馈,2025-02-28 03:55:17,0,192,20.1
_二期_供水泵房_5#加压泵__温度_通道6_反馈,2025-02-28 03:55:18,0,192,20.1
_二期_供水泵房_5#加压泵__温度_通道6_反馈,2025-02-28 03:55:19,0,192,20.1
_二期_供水泵房_5#加压泵__温度_通道6_反馈,2025-02-28 03:55:20,0,192,20.1
_二期_供水泵房_5#加压泵__温度_通道6_反馈,2025-02-28 03:55:21,0,192,20.1
_二期_供水泵房_5#加压泵__温度_通道6_反馈,2025-02-28 03:55:22,0,192,20.1
_二期_供水泵房_5#加压泵__温度_通道6_反馈,2025-02-28 03:55:23,0,192,20.1
_二期_供水泵房_5#加压泵__温度_通道6_反馈,2025-02-28 03:55:24,0,192,20.1
_二期_供水泵房_5#加压泵__温度_通道6_反馈,2025-02-28 03:55:25,0,192,20.1
_二期_供水泵房_5#加压泵__温度_通道6_反馈,2025-02-28 03:55:26,0,192,20.1
_二期_供水泵房_5#加压泵__温度_通道6_反馈,2025-02-28 03:55:27,0,192,20.1
_二期_供水泵房_5#加压泵__温度_通道6_反馈,2025-02-28 03:55:28,0,192,20.1
_二期_供水泵房_5#加压泵__温度_通道6_反馈,2025-02-28 03:55:29,0,192,20.1
_二期_供水泵房_5#加压泵__温度_通道6_反馈,2025-02-28 03:55:30,0,192,20.1
_二期_供水泵房_5#加压泵__温度_通道6_反馈,2025-02-28 03:55:31,0,192,20.1
_二期_供水泵房_5#加压泵__温度_通道6_反馈,2025-02-28 03:55:32,0,192,20.1
_二期_供水泵房_5#加压泵__温度_通道6_反馈,2025-02-28 03:55:33,0,192,20.1
_二期_供水泵房_5#加压泵__温度_通道6_反馈,2025-02-28 03:55:34,0,192,20.1
_二期_供水泵房_5#加压泵__温度_通道6_反馈,2025-02-28 03:55:35,0,192,20.1
_二期_供水泵房_5#加压泵__温度_通道6_反馈,2025-02-28 03:55:36,0,192,20.1
_二期_供水泵房_5#加压泵__温度_通道6_反馈,2025-02-28 03:55:37,0,192,20.1
_二期_供水泵房_5#加压泵__温度_通道6_反馈,2025-02-28 03:55:38,0,192,20.1
_二期_供水泵房_5#加压泵__温度_通道6_反馈,2025-02-28 03:55:39,0,192,20.1
_二期_供水泵房_5#加压泵__温度_通道6_反馈,2025-02-28 03:55:40,0,192,20.1
_二期_供水泵房_5#加压泵__温度_通道6_反馈,2025-02-28 03:55:41,0,192,20.1
_二期_供水泵房_5#加压泵__温度_通道6_反馈,2025-02-28 03:55:42,0,192,20.1
_二期_供水泵房_5#加压泵__温度_通道6_反馈,2025-02-28 03:55:43,0,192,20.1
_二期_供水泵房_5#加压泵__温度_通道6_反馈,2025-02-28 03:55:44,0,192,20.1
_二期_供水泵房_5#加压泵__温度_通道6_反馈,2025-02-28 03:55:45,0,192,20.1
_二期_供水泵房_5#加压泵__温度_通道6_反馈,2025-02-28 03:55:46,0,192,20.1
_二期_供水泵房_5#加压泵__温度_通道6_反馈,2025-02-28 03:55:47,0,192,20.1
_二期_供水泵房_5#加压泵__温度_通道6_反馈,2025-02-28 03:55:48,0,192,20.1
_二期_供水泵房_5#加压泵__温度_通道6_反馈,2025-02-28 03:55:49,0,192,20.1
_二期_供水泵房_5#加压泵__温度_通道6_反馈,2025-02-28 03:55:50,0,192,20.1
_二期_供水泵房_5#加压泵__温度_通道6_反馈,2025-02-28 03:55:51,0,192,20.1
_二期_供水泵房_5#加压泵__温度_通道6_反馈,2025-02-28 03:55:52,0,192,20.1
_二期_供水泵房_5#加压泵__温度_通道6_反馈,2025-02-28 03:55:53,0,192,20.1
_二期_供水泵房_5#加压泵__温度_通道6_反馈,2025-02-28 03:55:54,0,192,20.1
_二期_供水泵房_5#加压泵__温度_通道6_反馈,2025-02-28 03:55:55,0,192,20.1
_二期_供水泵房_5#加压泵__温度_通道6_反馈,2025-02-28 03:55:56,0,192,20.1
_二期_供水泵房_5#加压泵__温度_通道6_反馈,2025-02-28 03:55:57,0,192,20.1
_二期_供水泵房_5#加压泵__温度_通道6_反馈,2025-02-28 03:55:58,0,192,20.1
_二期_供水泵房_5#加压泵__温度_通道6_反馈,2025-02-28 03:55:59,0,192,20.1
_二期_供水泵房_5#加压泵__温度_通道6_反馈,2025-02-28 03:56:00,0,192,20.1
_二期_供水泵房_5#加压泵__温度_通道6_反馈,2025-02-28 03:56:01,0,192,20.1
_二期_供水泵房_5#加压泵__温度_通道6_反馈,2025-02-28 03:56:02,0,192,20.1
_二期_供水泵房_5#加压泵__温度_通道6_反馈,2025-02-28 03:56:03,0,192,20.1
_二期_供水泵房_5#加压泵__温度_通道6_反馈,2025-02-28 03:56:04,0,192,20.1
_二期_供水泵房_5#加压泵__温度_通道6_反馈,2025-02-28 03:56:05,0,192,20.1
_二期_供水泵房_5#加压泵__温度_通道6_反馈,2025-02-28 03:56:06,0,192,20.1
_二期_供水泵房_5#加压泵__温度_通道6_反馈,2025-02-28 03:56:07,0,192,20.1
_二期_供水泵房_5#加压泵__温度_通道6_反馈,2025-02-28 03:56:08,0,192,20.1
_二期_供水泵房_5#加压泵__温度_通道6_反馈,2025-02-28 03:56:09,0,192,20.1
_二期_供水泵房_5#加压泵__温度_通道6_反馈,2025-02-28 03:56:10,0,192,20.1
_二期_供水泵房_5#加压泵__温度_通道6_反馈,2025-02-28 03:56:11,0,192,20.1
_二期_供水泵房_5#加压泵__温度_通道6_反馈,2025-02-28 03:56:12,0,192,20.1
_二期_供水泵房_5#加压泵__温度_通道6_反馈,2025-02-28 03:56:13,0,192,20.1
_二期_供水泵房_5#加压泵__温度_通道6_反馈,2025-02-28 03:56:14,0,192,20.1
_二期_供水泵房_5#加压泵__温度_通道6_反馈,2025-02-28 03:56:15,0,192,20.1
_二期_供水泵房_5#加压泵__温度_通道6_反馈,2025-02-28 03:56:16,0,192,20.1
_二期_供水泵房_5#加压泵__温度_通道6_反馈,2025-02-28 03:56:17,0,192,20.1
_二期_供水泵房_5#加压泵__温度_通道6_反馈,2025-02-28 03:56:18,0,192,20.1
_二期_供水泵房_5#加压泵__温度_通道6_反馈,2025-02-28 03:56:19,0,192,20.1
_二期_供水泵房_5#加压泵__温度_通道6_反馈,2025-02-28 03:56:20,0,192,20.1
_二期_供水泵房_5#加压泵__温度_通道6_反馈,2025-02-28 03:56:21,0,192,20.1
_二期_供水泵房_5#加压泵__温度_通道6_反馈,2025-02-28 03:56:22,0,192,20.1
_二期_供水泵房_5#加压泵__温度_通道6_反馈,2025-02-28 03:56:23,0,192,20.1
_二期_供水泵房_5#加压泵__温度_通道6_反馈,2025-02-28 03:56:24,0,192,20.1
_二期_供水泵房_5#加压泵__温度_通道6_反馈,2025-02-28 03:56:25,0,192,20.1
_二期_供水泵房_5#加压泵__温度_通道6_反馈,2025-02-28 03:56:26,0,192,20.1
_二期_供水泵房_5#加压泵__温度_通道6_反馈,2025-02-28 03:56:27,0,192,20.1
_二期_供水泵房_5#加压泵__温度_通道6_反馈,2025-02-28 03:56:28,0,192,20.1
_二期_供水泵房_5#加压泵__温度_通道6_反馈,2025-02-28 03:56:29,0,192,20.1
_二期_供水泵房_5#加压泵__温度_通道6_反馈,2025-02-28 03:56:30,0,192,20.1
_二期_供水泵房_5#加压泵__温度_通道6_反馈,2025-02-28 03:56:31,0,192,20.1
_二期_供水泵房_5#加压泵__温度_通道6_反馈,2025-02-28 03:56:32,0,192,20.1
_二期_供水泵房_5#加压泵__温度_通道6_反馈,2025-02-28 03:56:33,0,192,20.1
_二期_供水泵房_5#加压泵__温度_通道6_反馈,2025-02-28 03:56:34,0,192,20.1
_二期_供水泵房_5#加压泵__温度_通道6_反馈,2025-02-28 03:56:35,0,192,20.1
_二期_供水泵房_5#加压泵__温度_通道6_反馈,2025-02-28 03:56:36,0,192,20.1
_二期_供水泵房_5#加压泵__温度_通道6_反馈,2025-02-28 03:56:37,0,192,20.1
_二期_供水泵房_5#加压泵__温度_通道6_反馈,2025-02-28 03:56:38,0,192,20.1
_二期_供水泵房_5#加压泵__温度_通道6_反馈,2025-02-28 03:56:39,0,192,20.1
_二期_供水泵房_5#加压泵__温度_通道6_反馈,2025-02-28 03:56:40,0,192,20.1
_二期_供水泵房_5#加压泵__温度_通道6_反馈,2025-02-28 03:56:41,0,192,20.1
_二期_供水泵房_5#加压泵__温度_通道6_反馈,2025-02-28 03:56:42,0,192,20.1
_二期_供水泵房_5#加压泵__温度_通道6_反馈,2025-02-28 03:56:43,0,192,20.1
_二期_供水泵房_5#加压泵__温度_通道6_反馈,2025-02-28 03:56:44,0,192,20.1
_二期_供水泵房_5#加压泵__温度_通道6_反馈,2025-02-28 03:56:45,0,192,20.1
_二期_供水泵房_5#加压泵__温度_通道6_反馈,2025-02-28 03:56:46,0,192,20.1
_二期_供水泵房_5#加压泵__温度_通道6_反馈,2025-02-28 03:56:47,0,192,20.1
_二期_供水泵房_5#加压泵__温度_通道6_反馈,2025-02-28 03:56:48,0,192,20.1
_二期_供水泵房_5#加压泵__温度_通道6_反馈,2025-02-28 03:56:49,0,192,20.1
_二期_供水泵房_5#加压泵__温度_通道6_反馈,2025-02-28 03:56:50,0,192,20.1
_二期_供水泵房_5#加压泵__温度_通道6_反馈,2025-02-28 03:56:51,0,192,20.1
_二期_供水泵房_5#加压泵__温度_通道6_反馈,2025-02-28 03:56:52,0,192,20.1
_二期_供水泵房_5#加压泵__温度_通道6_反馈,2025-02-28 03:56:53,0,192,20.1
_二期_供水泵房_5#加压泵__温度_通道6_反馈,2025-02-28 03:56:54,0,192,20.1
_二期_供水泵房_5#加压泵__温度_通道6_反馈,2025-02-28 03:56:55,0,192,20.1
_二期_供水泵房_5#加压泵__温度_通道6_反馈,2025-02-28 03:56:56,0,192,20.1
_二期_供水泵房_5#加压泵__温度_通道6_反馈,2025-02-28 03:56:57,0,192,20.1
_二期_供水泵房_5#加压泵__温度_通道6_反馈,2025-02-28 03:56:58,0,192,20.1
_二期_供水泵房_5#加压泵__温度_通道6_反馈,2025-02-28 03:56:59,0,192,20.1
_二期_供水泵房_5#加压泵__温度_通道6_反馈,2025-02-28 03:57:00,0,192,20.1
_二期_供水泵房_5#加压泵__温度_通道6_反馈,2025-02-28 03:57:01,0,192,20.1
_二期_供水泵房_5#加压泵__温度_通道6_反馈,2025-02-28 03:57:02,0,192,20.1
_二期_供水泵房_5#加压泵__温度_通道6_反馈,2025-02-28 03:57:03,0,192,20.1
_二期_供水泵房_5#加压泵__温度_通道6_反馈,2025-02-28 03:57:04,0,192,20.1
_二期_供水泵房_5#加压泵__温度_通道6_反馈,2025-02-28 03:57:05,0,192,20.1
_二期_供水泵房_5#加压泵__温度_通道6_反馈,2025-02-28 03:57:06,0,192,20.1
_二期_供水泵房_5#加压泵__温度_通道6_反馈,2025-02-28 03:57:07,0,192,20.1
_二期_供水泵房_5#加压泵__温度_通道6_反馈,2025-02-28 03:57:08,0,192,20.1
_二期_供水泵房_5#加压泵__温度_通道6_反馈,2025-02-28 03:57:09,0,192,20.1
_二期_供水泵房_5#加压泵__温度_通道6_反馈,2025-02-28 03:57:10,0,192,20.1
_二期_供水泵房_5#加压泵__温度_通道6_反馈,2025-02-28 03:57:11,0,192,20.1
_二期_供水泵房_5#加压泵__温度_通道6_反馈,2025-02-28 03:57:12,0,192,20.1
_二期_供水泵房_5#加压泵__温度_通道6_反馈,2025-02-28 03:57:13,0,192,20.1
_二期_供水泵房_5#加压泵__温度_通道6_反馈,2025-02-28 03:57:14,0,192,20.1
_二期_供水泵房_5#加压泵__温度_通道6_反馈,2025-02-28 03:57:15,0,192,20.1
_二期_供水泵房_5#加压泵__温度_通道6_反馈,2025-02-28 03:57:16,0,192,20.1
_二期_供水泵房_5#加压泵__温度_通道6_反馈,2025-02-28 03:57:17,0,192,20.1
_二期_供水泵房_5#加压泵__温度_通道6_反馈,2025-02-28 03:57:18,0,192,20.1
_二期_供水泵房_5#加压泵__温度_通道6_反馈,2025-02-28 03:57:19,0,192,20.1
_二期_供水泵房_5#加压泵__温度_通道6_反馈,2025-02-28 03:57:20,0,192,20.1
_二期_供水泵房_5#加压泵__温度_通道6_反馈,2025-02-28 03:57:21,0,192,20.1
_二期_供水泵房_5#加压泵__温度_通道6_反馈,2025-02-28 03:57:22,0,192,20.1
_二期_供水泵房_5#加压泵__温度_通道6_反馈,2025-02-28 03:57:23,0,192,20.1
_二期_供水泵房_5#加压泵__温度_通道6_反馈,2025-02-28 03:57:24,0,192,20.1
_二期_供水泵房_5#加压泵__温度_通道6_反馈,2025-02-28 03:57:25,0,192,20.1
_二期_供水泵房_5#加压泵__温度_通道6_反馈,2025-02-28 03:57:26,0,192,20.1
_二期_供水泵房_5#加压泵__温度_通道6_反馈,2025-02-28 03:57:27,0,192,20.1
_二期_供水泵房_5#加压泵__温度_通道6_反馈,2025-02-28 03:57:28,0,192,20.1
_二期_供水泵房_5#加压泵__温度_通道6_反馈,2025-02-28 03:57:29,0,192,20.1
_二期_供水泵房_5#加压泵__温度_通道6_反馈,2025-02-28 03:57:30,0,192,20.1
_二期_供水泵房_5#加压泵__温度_通道6_反馈,2025-02-28 03:57:31,0,192,20.1
_二期_供水泵房_5#加压泵__温度_通道6_反馈,2025-02-28 03:57:32,0,192,20.1
_二期_供水泵房_5#加压泵__温度_通道6_反馈,2025-02-28 03:57:33,0,192,20.1
_二期_供水泵房_5#加压泵__温度_通道6_反馈,2025-02-28 03:57:34,0,192,20.1
_二期_供水泵房_5#加压泵__温度_通道6_反馈,2025-02-28 03:57:35,0,192,20.1
_二期_供水泵房_5#加压泵__温度_通道6_反馈,2025-02-28 03:57:36,0,192,20.1
_二期_供水泵房_5#加压泵__温度_通道6_反馈,2025-02-28 03:57:37,0,192,20.1
_二期_供水泵房_5#加压泵__温度_通道6_反馈,2025-02-28 03:57:38,0,192,20.1
_二期_供水泵房_5#加压泵__温度_通道6_反馈,2025-02-28 03:57:39,0,192,20.1
_二期_供水泵房_5#加压泵__温度_通道6_反馈,2025-02-28 03:57:40,0,192,20.1
_二期_供水泵房_5#加压泵__温度_通道6_反馈,2025-02-28 03:57:41,0,192,20.1
_二期_供水泵房_5#加压泵__温度_通道6_反馈,2025-02-28 03:57:42,0,192,20.1
_二期_供水泵房_5#加压泵__温度_通道6_反馈,2025-02-28 03:57:43,0,192,20.1
_二期_供水泵房_5#加压泵__温度_通道6_反馈,2025-02-28 03:57:44,0,192,20.1
_二期_供水泵房_5#加压泵__温度_通道6_反馈,2025-02-28 03:57:45,0,192,20.1
_二期_供水泵房_5#加压泵__温度_通道6_反馈,2025-02-28 03:57:46,0,192,20.1
_二期_供水泵房_5#加压泵__温度_通道6_反馈,2025-02-28 03:57:47,0,192,20.1
_二期_供水泵房_5#加压泵__温度_通道6_反馈,2025-02-28 03:57:48,0,192,20.1
_二期_供水泵房_5#加压泵__温度_通道6_反馈,2025-02-28 03:57:49,0,192,20.1
_二期_供水泵房_5#加压泵__温度_通道6_反馈,2025-02-28 03:57:50,0,192,20.1
_二期_供水泵房_5#加压泵__温度_通道6_反馈,2025-02-28 03:57:51,0,192,20.1
_二期_供水泵房_5#加压泵__温度_通道6_反馈,2025-02-28 03:57:52,0,192,20.1
_二期_供水泵房_5#加压泵__温度_通道6_反馈,2025-02-28 03:57:53,0,192,20.1
_二期_供水泵房_5#加压泵__温度_通道6_反馈,2025-02-28 03:57:54,0,192,20.1
_二期_供水泵房_5#加压泵__温度_通道6_反馈,2025-02-28 03:57:55,0,192,20.1
_二期_供水泵房_5#加压泵__温度_通道6_反馈,2025-02-28 03:57:56,0,192,20.1
_二期_供水泵房_5#加压泵__温度_通道6_反馈,2025-02-28 03:57:57,0,192,20.1
_二期_供水泵房_5#加压泵__温度_通道6_反馈,2025-02-28 03:57:58,0,192,20.1
_二期_供水泵房_5#加压泵__温度_通道6_反馈,2025-02-28 03:57:59,0,192,20.1
_二期_供水泵房_5#加压泵__温度_通道6_反馈,2025-02-28 03:58:00,0,192,20.1
_二期_供水泵房_5#加压泵__温度_通道6_反馈,2025-02-28 03:58:01,0,192,20.1
_二期_供水泵房_5#加压泵__温度_通道6_反馈,2025-02-28 03:58:02,0,192,20.1
_二期_供水泵房_5#加压泵__温度_通道6_反馈,2025-02-28 03:58:03,0,192,20.1
_二期_供水泵房_5#加压泵__温度_通道6_反馈,2025-02-28 03:58:04,0,192,20.1
_二期_供水泵房_5#加压泵__温度_通道6_反馈,2025-02-28 03:58:05,0,192,20.1
_二期_供水泵房_5#加压泵__温度_通道6_反馈,2025-02-28 03:58:06,0,192,20.1
_二期_供水泵房_5#加压泵__温度_通道6_反馈,2025-02-28 03:58:07,0,192,20.1
_二期_供水泵房_5#加压泵__温度_通道6_反馈,2025-02-28 03:58:08,0,192,20.1
_二期_供水泵房_5#加压泵__温度_通道6_反馈,2025-02-28 03:58:09,0,192,20.1
_二期_供水泵房_5#加压泵__温度_通道6_反馈,2025-02-28 03:58:10,0,192,20.1
_二期_供水泵房_5#加压泵__温度_通道6_反馈,2025-02-28 03:58:11,0,192,20.1
_二期_供水泵房_5#加压泵__温度_通道6_反馈,2025-02-28 03:58:12,0,192,20.1
_二期_供水泵房_5#加压泵__温度_通道6_反馈,2025-02-28 03:58:13,0,192,20.1
_二期_供水泵房_5#加压泵__温度_通道6_反馈,2025-02-28 03:58:14,0,192,20.1
_二期_供水泵房_5#加压泵__温度_通道6_反馈,2025-02-28 03:58:15,0,192,20.1
_二期_供水泵房_5#加压泵__温度_通道6_反馈,2025-02-28 03:58:16,0,192,20.1
_二期_供水泵房_5#加压泵__温度_通道6_反馈,2025-02-28 03:58:17,0,192,20.1
_二期_供水泵房_5#加压泵__温度_通道6_反馈,2025-02-28 03:58:18,0,192,20.1
_二期_供水泵房_5#加压泵__温度_通道6_反馈,2025-02-28 03:58:19,0,192,20.1
_二期_供水泵房_5#加压泵__温度_通道6_反馈,2025-02-28 03:58:20,0,192,20.1
_二期_供水泵房_5#加压泵__温度_通道6_反馈,2025-02-28 03:58:21,0,192,20.1
_二期_供水泵房_5#加压泵__温度_通道6_反馈,2025-02-28 03:58:22,0,192,20.1
_二期_供水泵房_5#加压泵__温度_通道6_反馈,2025-02-28 03:58:23,0,192,20.1
_二期_供水泵房_5#加压泵__温度_通道6_反馈,2025-02-28 03:58:24,0,192,20.1
_二期_供水泵房_5#加压泵__温度_通道6_反馈,2025-02-28 03:58:25,0,192,20.1
_二期_供水泵房_5#加压泵__温度_通道6_反馈,2025-02-28 03:58:26,0,192,20.1
_二期_供水泵房_5#加压泵__温度_通道6_反馈,2025-02-28 03:58:27,0,192,20.1
_二期_供水泵房_5#加压泵__温度_通道6_反馈,2025-02-28 03:58:28,0,192,20.1
_二期_供水泵房_5#加压泵__温度_通道6_反馈,2025-02-28 03:58:29,0,192,20.1
_二期_供水泵房_5#加压泵__温度_通道6_反馈,2025-02-28 03:58:30,0,192,20.1
_二期_供水泵房_5#加压泵__温度_通道6_反馈,2025-02-28 03:58:31,0,192,20.1
_二期_供水泵房_5#加压泵__温度_通道6_反馈,2025-02-28 03:58:32,0,192,20.1
_二期_供水泵房_5#加压泵__温度_通道6_反馈,2025-02-28 03:58:33,0,192,20.1
_二期_供水泵房_5#加压泵__温度_通道6_反馈,2025-02-28 03:58:34,0,192,20.1
_二期_供水泵房_5#加压泵__温度_通道6_反馈,2025-02-28 03:58:35,0,192,20.1
_二期_供水泵房_5#加压泵__温度_通道6_反馈,2025-02-28 03:58:36,0,192,20.1
_二期_供水泵房_5#加压泵__温度_通道6_反馈,2025-02-28 03:58:37,0,192,20.1
_二期_供水泵房_5#加压泵__温度_通道6_反馈,2025-02-28 03:58:38,0,192,20.1
_二期_供水泵房_5#加压泵__温度_通道6_反馈,2025-02-28 03:58:39,0,192,20.1
_二期_供水泵房_5#加压泵__温度_通道6_反馈,2025-02-28 03:58:40,0,192,20.1
_二期_供水泵房_5#加压泵__温度_通道6_反馈,2025-02-28 03:58:41,0,192,20.1
_二期_供水泵房_5#加压泵__温度_通道6_反馈,2025-02-28 03:58:42,0,192,20.1
_二期_供水泵房_5#加压泵__温度_通道6_反馈,2025-02-28 03:58:43,0,192,20.1
_二期_供水泵房_5#加压泵__温度_通道6_反馈,2025-02-28 03:58:44,0,192,20.1
_二期_供水泵房_5#加压泵__温度_通道6_反馈,2025-02-28 03:58:45,0,192,20.1
_二期_供水泵房_5#加压泵__温度_通道6_反馈,2025-02-28 03:58:46,0,192,20.1
_二期_供水泵房_5#加压泵__温度_通道6_反馈,2025-02-28 03:58:47,0,192,20.1
_二期_供水泵房_5#加压泵__温度_通道6_反馈,2025-02-28 03:58:48,0,192,20.1
_二期_供水泵房_5#加压泵__温度_通道6_反馈,2025-02-28 03:58:49,0,192,20.1
_二期_供水泵房_5#加压泵__温度_通道6_反馈,2025-02-28 03:58:50,0,192,20.1
_二期_供水泵房_5#加压泵__温度_通道6_反馈,2025-02-28 03:58:51,0,192,20.1
_二期_供水泵房_5#加压泵__温度_通道6_反馈,2025-02-28 03:58:52,0,192,20.1
_二期_供水泵房_5#加压泵__温度_通道6_反馈,2025-02-28 03:58:53,0,192,20.1
_二期_供水泵房_5#加压泵__温度_通道6_反馈,2025-02-28 03:58:54,0,192,20.1
_二期_供水泵房_5#加压泵__温度_通道6_反馈,2025-02-28 03:58:55,0,192,20.1
_二期_供水泵房_5#加压泵__温度_通道6_反馈,2025-02-28 03:58:56,0,192,20.1
_二期_供水泵房_5#加压泵__温度_通道6_反馈,2025-02-28 03:58:57,0,192,20.1
_二期_供水泵房_5#加压泵__温度_通道6_反馈,2025-02-28 03:58:58,0,192,20.1
_二期_供水泵房_5#加压泵__温度_通道6_反馈,2025-02-28 03:58:59,0,192,20.1
_二期_供水泵房_5#加压泵__温度_通道6_反馈,2025-02-28 03:59:00,0,192,20.1
_二期_供水泵房_5#加压泵__温度_通道6_反馈,2025-02-28 03:59:01,0,192,20.1
_二期_供水泵房_5#加压泵__温度_通道6_反馈,2025-02-28 03:59:02,0,192,20.1
_二期_供水泵房_5#加压泵__温度_通道6_反馈,2025-02-28 03:59:03,0,192,20.1
_二期_供水泵房_5#加压泵__温度_通道6_反馈,2025-02-28 03:59:04,0,192,20.1
_二期_供水泵房_5#加压泵__温度_通道6_反馈,2025-02-28 03:59:05,0,192,20.1
_二期_供水泵房_5#加压泵__温度_通道6_反馈,2025-02-28 03:59:06,0,192,20.1
_二期_供水泵房_5#加压泵__温度_通道6_反馈,2025-02-28 03:59:07,0,192,20.1
_二期_供水泵房_5#加压泵__温度_通道6_反馈,2025-02-28 03:59:08,0,192,20.1
_二期_供水泵房_5#加压泵__温度_通道6_反馈,2025-02-28 03:59:09,0,192,20.1
_二期_供水泵房_5#加压泵__温度_通道6_反馈,2025-02-28 03:59:10,0,192,20.1
_二期_供水泵房_5#加压泵__温度_通道6_反馈,2025-02-28 03:59:11,0,192,20.1
_二期_供水泵房_5#加压泵__温度_通道6_反馈,2025-02-28 03:59:12,0,192,20.1
_二期_供水泵房_5#加压泵__温度_通道6_反馈,2025-02-28 03:59:13,0,192,20.1
_二期_供水泵房_5#加压泵__温度_通道6_反馈,2025-02-28 03:59:14,0,192,20.1
_二期_供水泵房_5#加压泵__温度_通道6_反馈,2025-02-28 03:59:15,0,192,20.1
_二期_供水泵房_5#加压泵__温度_通道6_反馈,2025-02-28 03:59:16,0,192,20.1
_二期_供水泵房_5#加压泵__温度_通道6_反馈,2025-02-28 03:59:17,0,192,20.1
_二期_供水泵房_5#加压泵__温度_通道6_反馈,2025-02-28 03:59:18,0,192,20.1
_二期_供水泵房_5#加压泵__温度_通道6_反馈,2025-02-28 03:59:19,0,192,20.1
_二期_供水泵房_5#加压泵__温度_通道6_反馈,2025-02-28 03:59:20,0,192,20.1
_二期_供水泵房_5#加压泵__温度_通道6_反馈,2025-02-28 03:59:21,0,192,20.1
_二期_供水泵房_5#加压泵__温度_通道6_反馈,2025-02-28 03:59:22,0,192,20.1
_二期_供水泵房_5#加压泵__温度_通道6_反馈,2025-02-28 03:59:23,0,192,20.1
_二期_供水泵房_5#加压泵__温度_通道6_反馈,2025-02-28 03:59:24,0,192,20.1
_二期_供水泵房_5#加压泵__温度_通道6_反馈,2025-02-28 03:59:25,0,192,20.1
_二期_供水泵房_5#加压泵__温度_通道6_反馈,2025-02-28 03:59:26,0,192,20.1
_二期_供水泵房_5#加压泵__温度_通道6_反馈,2025-02-28 03:59:27,0,192,20.1
_二期_供水泵房_5#加压泵__温度_通道6_反馈,2025-02-28 03:59:28,0,192,20.1
_二期_供水泵房_5#加压泵__温度_通道6_反馈,2025-02-28 03:59:29,0,192,20.1
_二期_供水泵房_5#加压泵__温度_通道6_反馈,2025-02-28 03:59:30,0,192,20.1
_二期_供水泵房_5#加压泵__温度_通道6_反馈,2025-02-28 03:59:31,0,192,20.1
_二期_供水泵房_5#加压泵__温度_通道6_反馈,2025-02-28 03:59:32,0,192,20.1
_二期_供水泵房_5#加压泵__温度_通道6_反馈,2025-02-28 03:59:33,0,192,20.1
_二期_供水泵房_5#加压泵__温度_通道6_反馈,2025-02-28 03:59:34,0,192,20.1
_二期_供水泵房_5#加压泵__温度_通道6_反馈,2025-02-28 03:59:35,0,192,20.1
_二期_供水泵房_5#加压泵__温度_通道6_反馈,2025-02-28 03:59:36,0,192,20.1
_二期_供水泵房_5#加压泵__温度_通道6_反馈,2025-02-28 03:59:37,0,192,20.1
_二期_供水泵房_5#加压泵__温度_通道6_反馈,2025-02-28 03:59:38,0,192,20.1
_二期_供水泵房_5#加压泵__温度_通道6_反馈,2025-02-28 03:59:39,0,192,20.1
_二期_供水泵房_5#加压泵__温度_通道6_反馈,2025-02-28 03:59:40,0,192,20.1
_二期_供水泵房_5#加压泵__温度_通道6_反馈,2025-02-28 03:59:41,0,192,20.1
_二期_供水泵房_5#加压泵__温度_通道6_反馈,2025-02-28 03:59:42,0,192,20.1
_二期_供水泵房_5#加压泵__温度_通道6_反馈,2025-02-28 03:59:43,0,192,20.1
_二期_供水泵房_5#加压泵__温度_通道6_反馈,2025-02-28 03:59:44,0,192,20.1
_二期_供水泵房_5#加压泵__温度_通道6_反馈,2025-02-28 03:59:45,0,192,20.1
_二期_供水泵房_5#加压泵__温度_通道6_反馈,2025-02-28 03:59:46,0,192,20.1
_二期_供水泵房_5#加压泵__温度_通道6_反馈,2025-02-28 03:59:47,0,192,20.1
_二期_供水泵房_5#加压泵__温度_通道6_反馈,2025-02-28 03:59:48,0,192,20.1
_二期_供水泵房_5#加压泵__温度_通道6_反馈,2025-02-28 03:59:49,0,192,20.1
_二期_供水泵房_5#加压泵__温度_通道6_反馈,2025-02-28 03:59:50,0,192,20.1
_二期_供水泵房_5#加压泵__温度_通道6_反馈,2025-02-28 03:59:51,0,192,20.1
_二期_供水泵房_5#加压泵__温度_通道6_反馈,2025-02-28 03:59:52,0,192,20.1
_二期_供水泵房_5#加压泵__温度_通道6_反馈,2025-02-28 03:59:53,0,192,20.1
_二期_供水泵房_5#加压泵__温度_通道6_反馈,2025-02-28 03:59:54,0,192,20.1
_二期_供水泵房_5#加压泵__温度_通道6_反馈,2025-02-28 03:59:55,0,192,20.1
_二期_供水泵房_5#加压泵__温度_通道6_反馈,2025-02-28 03:59:56,0,192,20.1
_二期_供水泵房_5#加压泵__温度_通道6_反馈,2025-02-28 03:59:57,0,192,20.1
_二期_供水泵房_5#加压泵__温度_通道6_反馈,2025-02-28 03:59:58,0,192,20.1
_二期_供水泵房_5#加压泵__温度_通道6_反馈,2025-02-28 03:59:59,0,192,20.1
